555
561
563
564
567
569
570
571
572
573
574
575
576
577
580
585
603
605
608
609
610
611
613
614
615
616
617
618
619
620
621
622
623
624
625
626
627
628
630
632
633
634
636
638
639
640
641
642
643
644
645
646
648
649
650
653
654
659
662
664
665
666
667
669
670
672
673
674
675
677
678
679
680
685
686
687
688
689
692
694
695
696
698
700
701
702
703
704
705
706
707
708
709
710
711
712
713
716
717
719
720
721
722
723
724
725
726
727
728
729
730
732
734
735
736
737
739
740
741
742
743
744
746
749
750
751
752
753
754
757
758
759
760
761
762
764
765
766
767
768
770
772
773
774
775
777
779
780
781
782
783
784
785
786
789
790
791
792
793
794
798
799
800
801
802
804
805
806
807
808
809
811
812
813
814
816
817
818
819
820
821
822
823
825
826
827
829
830
833
834
835
837
838
840
841
842
843
844
845
846
847
848
849
850
851
852
854
855
857
863
869
870
874
876
877
878
879
883
884
885
886
887
888
889
891
893
894
895
896
897
898
899
901
902
903
904
905
907
909
910
911
912
913
914
915
916
917
918
919
920
921
922
923
924
925
927
928
929
930
932
933
934
935
936
937
938
939
940
941
942
943
944
945
946
947
948
949
952
953
954
955
956
958
960
961
962
963
964
965
966
968
969
970
972
973
974
976
977
978
979
980
981
982
984
985
986
987
989
990
991
992
994
998
999
1007
2051
2358
