2196	5.817086219787598
2335	7.885284423828125
2336	8.694596290588379
2361	8.438488960266113
2362	8.11742115020752
2363	8.097198486328125
2365	7.904848575592041
2366	8.421737670898438
2368	7.977705955505371
2369	8.187468528747559
2370	7.871705055236816
2371	8.4186372756958
2373	8.214962005615234
2377	8.523268699645996
2380	7.963741779327393
2383	8.056065559387207
2384	8.046074867248535
2386	8.43138599395752
2388	8.206616401672363
2389	7.457414627075195
2390	8.562830924987793
2392	8.489251136779785
2397	8.487985610961914
2398	8.099760055541992
2399	8.15546703338623
2400	8.476139068603516
2401	7.716800212860107
2402	8.117424964904785
2404	8.014756202697754
2407	7.653223037719727
2408	8.414283752441406
2409	8.698616027832031
2416	7.973738193511963
2417	8.51733112335205
2420	8.422466278076172
2423	8.394988059997559
2424	8.006753921508789
2426	7.936731338500977
2477	8.596238136291504
2478	8.481612205505371
2479	8.119269371032715
2480	8.290802001953125
2482	8.555259704589844
2483	8.714092254638672
2484	8.419107437133789
2485	9.266287803649902
2486	8.604681015014648
2487	8.70351791381836
2488	8.146472930908203
2489	8.330697059631348
2491	8.686487197875977
2492	8.100327491760254
2493	8.531384468078613
2495	8.400134086608887
2496	8.135539054870605
2497	8.239642143249512
2498	7.792215347290039
2499	7.971202373504639
2500	8.052437782287598
2501	8.119418144226074
2502	7.949297904968262
2503	7.969405174255371
2504	8.470112800598145
2505	8.1646146774292
2506	8.266777038574219
2508	7.946056842803955
2509	8.021132469177246
2510	7.723270893096924
2511	8.044937133789062
2512	7.752875328063965
2513	7.694263458251953
2514	7.499741554260254
2515	8.127006530761719
2516	8.110023498535156
2517	8.146642684936523
2518	7.400472640991211
2519	7.575700283050537
2520	7.875665187835693
2521	7.809031009674072
2522	7.311921119689941
2523	7.898831367492676
2524	7.665757179260254
2525	7.816396236419678
2526	8.423188209533691
2527	8.119636535644531
2528	7.803033828735352
2529	7.702594757080078
2531	8.065650939941406
2532	7.728415012359619
2533	7.694534778594971
2534	8.252185821533203
2535	7.765259265899658
2536	7.980992794036865
2537	8.012800216674805
2538	7.560250759124756
2539	8.267012596130371
2540	7.614837646484375
2541	8.077140808105469
2544	7.372143745422363
2545	8.151318550109863
2546	8.057669639587402
2547	7.83842658996582
2548	7.746672630310059
2549	7.809444427490234
2550	7.836564064025879
2551	7.856003284454346
2552	8.00778579711914
2553	7.635929107666016
2554	7.972441673278809
2555	8.062705039978027
2556	8.061797142028809
2557	7.850490570068359
2558	8.13160228729248
2559	7.913642406463623
2560	7.93237829208374
2561	7.743093013763428
2563	8.162321090698242
2564	8.018285751342773
2565	8.010332107543945
2566	8.165136337280273
2567	8.22121524810791
2568	8.248957633972168
2569	8.202468872070312
2570	7.752659320831299
2571	7.9378342628479
2572	7.814575672149658
2573	8.094378471374512
2574	7.9360270500183105
2575	8.277995109558105
2576	8.078237533569336
2577	8.0900297164917
2578	8.026966094970703
2579	8.270072937011719
2580	8.301596641540527
2581	7.934546947479248
2582	7.757968425750732
2583	8.39955997467041
2584	8.16030502319336
2585	8.050677299499512
2586	8.287222862243652
2587	8.078723907470703
2588	8.331087112426758
2589	8.720776557922363
2590	8.442170143127441
2591	8.105708122253418
2592	8.720719337463379
2593	8.55432415008545
2594	8.130615234375
2595	8.357836723327637
2596	8.762614250183105
2597	7.7519426345825195
2598	8.037644386291504
2599	8.161227226257324
2600	8.12360954284668
2601	7.919328689575195
2602	7.821133136749268
2603	8.303126335144043
2604	8.04164981842041
2605	7.996768474578857
2606	8.034513473510742
2607	7.899811267852783
2608	8.046393394470215
2609	8.081215858459473
2610	7.971990585327148
2611	8.2813720703125
2612	8.273198127746582
2613	8.287288665771484
2614	8.163666725158691
2615	8.006052017211914
2616	8.297602653503418
2617	8.626495361328125
2618	7.985804557800293
2620	8.269587516784668
2621	8.1351957321167
2622	8.407501220703125
2623	8.13339614868164
2624	7.8060994148254395
2625	8.093443870544434
2626	8.095213890075684
2627	8.28495979309082
2628	7.95653772354126
2629	8.145218849182129
2630	8.403158187866211
2631	8.124402046203613
2632	7.980657577514648
2633	7.935245037078857
2634	8.157832145690918
2635	8.102363586425781
2636	7.919702529907227
2637	7.925704479217529
2638	8.473921775817871
2639	8.259865760803223
2640	8.035508155822754
2641	7.7355170249938965
2642	8.422561645507812
2643	7.9725341796875
2644	8.012944221496582
2645	8.273755073547363
2646	8.206269264221191
2647	8.24421215057373
2648	8.073001861572266
2649	7.931815147399902
2650	8.124610900878906
2651	8.103835105895996
2652	8.151394844055176
2653	8.164352416992188
2654	7.917511463165283
2655	7.726454734802246
2656	7.970716953277588
2657	7.783478736877441
2658	7.761637210845947
2660	8.133146286010742
2661	7.943052291870117
2662	8.11963176727295
2663	7.784759998321533
2664	8.415680885314941
2665	8.06892204284668
2666	7.887802600860596
2667	7.882445335388184
2668	8.251461029052734
2669	7.765469551086426
2670	7.672901153564453
2671	8.069290161132812
2672	7.786995887756348
2673	8.262040138244629
2674	8.015274047851562
2675	8.218865394592285
2676	7.983821868896484
2677	7.725857257843018
2678	7.959961414337158
2679	8.041753768920898
2680	8.545848846435547
2681	8.44508171081543
2682	7.794182300567627
2683	7.986599922180176
2684	8.586050987243652
2685	8.048856735229492
2686	8.190359115600586
2687	8.155496597290039
2688	8.218701362609863
2689	7.760541915893555
2690	8.02434253692627
2691	7.791702747344971
2692	8.059342384338379
2693	7.7957234382629395
2694	7.60831880569458
2695	7.831791400909424
2696	7.883640766143799
2697	7.659849643707275
2698	8.387673377990723
2699	8.279698371887207
2700	7.776313781738281
2701	8.211265563964844
2702	8.090763092041016
2703	7.9225263595581055
2704	8.523058891296387
2705	7.724545478820801
2706	7.307112693786621
2707	8.004666328430176
2708	8.207108497619629
2709	7.564370155334473
2710	7.11259651184082
2711	7.514200687408447
2712	8.433938026428223
2714	8.175110816955566
2715	8.23311710357666
2716	7.679233074188232
2717	7.98935604095459
2718	8.329931259155273
2719	8.02450180053711
2721	8.21652603149414
2725	8.264435768127441
2726	7.990133285522461
2727	7.850776195526123
2728	7.6599860191345215
2729	7.746342182159424
2730	7.8701605796813965
2736	8.971656799316406
2737	8.805120468139648
2738	8.897272109985352
2739	9.684642791748047
2740	9.23624038696289
2741	7.978196144104004
2742	8.441360473632812
2743	8.261122703552246
2744	8.319573402404785
2745	8.407289505004883
2747	9.277400016784668
2748	8.395548820495605
2749	8.24105453491211
2750	7.60697603225708
2751	8.616680145263672
2753	7.688546180725098
2754	8.144906997680664
2756	8.149847984313965
2757	7.834207534790039
2758	8.511996269226074
2759	8.199840545654297
2760	8.000781059265137
2761	7.294479846954346
2762	7.957674026489258
2763	8.413219451904297
2765	8.029352188110352
2767	8.129663467407227
2768	9.052190780639648
2770	7.745666027069092
2772	7.889285087585449
2776	8.17950439453125
2777	7.913900375366211
2778	8.24442195892334
2779	8.50440788269043
2780	8.167035102844238
2781	8.276095390319824
2782	9.5809907913208
2783	8.6491060256958
2784	8.855894088745117
2785	8.953643798828125
2786	8.976383209228516
2787	9.228577613830566
2788	8.664905548095703
2789	8.193572998046875
2790	8.712475776672363
2791	8.579893112182617
2792	8.838289260864258
2793	8.81036376953125
2794	9.402351379394531
2795	9.644173622131348
2797	9.777900695800781
2799	9.886122703552246
2801	8.843192100524902
2804	9.468781471252441
2805	9.276647567749023
2806	8.483872413635254
2807	8.316166877746582
2808	8.210883140563965
2809	7.974672794342041
2810	8.168593406677246
2812	8.100680351257324
2814	8.140471458435059
2815	8.608865737915039
2816	8.775456428527832
2817	8.486960411071777
2818	9.014418601989746
2819	9.136189460754395
2820	8.466316223144531
2821	8.380759239196777
2822	8.745168685913086
2824	9.208333015441895
2825	8.0853910446167
2826	8.008783340454102
2827	7.926448822021484
2828	8.05929946899414
2829	7.824800491333008
2832	7.645167827606201
2837	7.6382269859313965
2838	8.806753158569336
2844	9.181056022644043
2845	8.722268104553223
2846	9.026680946350098
2849	8.423425674438477
2853	8.750052452087402
2854	8.937433242797852
2855	9.118717193603516
2858	9.42381477355957
2864	8.673407554626465
2865	8.690306663513184
2866	9.934855461120605
2867	9.052384376525879
2868	9.496870040893555
2872	8.954449653625488
2873	9.386404037475586
2874	8.282469749450684
2875	9.391449928283691
2876	9.238036155700684
2877	8.91908073425293
2880	9.402708053588867
2882	8.688339233398438
2883	8.657870292663574
2884	8.551901817321777
2885	8.510751724243164
2886	9.855816841125488
2887	10.204151153564453
2895	9.408945083618164
2896	8.728469848632812
2897	9.859659194946289
2898	9.577447891235352
2899	9.721290588378906
2900	9.64281177520752
2901	10.136106491088867
2902	9.892449378967285
2903	11.310375213623047
2913	10.114904403686523
2915	10.281028747558594
2920	9.858591079711914
2923	10.609461784362793
2925	10.379802703857422
2929	10.274014472961426
2930	10.20328140258789
