1	6.644351959228516
2	7.619119167327881
3	8.650026321411133
4	8.622315406799316
5	8.670616149902344
6	9.023844718933105
7	8.892995834350586
8	8.92359733581543
9	8.383514404296875
10	8.725142478942871
11	8.672866821289062
12	8.882887840270996
13	8.981480598449707
14	9.01484489440918
15	8.830817222595215
16	9.400980949401855
17	8.666240692138672
18	9.126408576965332
19	8.8648681640625
20	9.122306823730469
21	9.115019798278809
22	9.156696319580078
23	9.189022064208984
24	8.809511184692383
25	9.15527057647705
26	8.903264999389648
27	8.853267669677734
28	9.031195640563965
29	8.97841739654541
30	9.032170295715332
31	9.07257080078125
32	9.108623504638672
33	8.923364639282227
34	8.698517799377441
35	9.208281517028809
36	8.605682373046875
37	9.124495506286621
38	8.785197257995605
39	8.808455467224121
40	8.952035903930664
41	8.847929000854492
42	8.5411376953125
43	8.838788986206055
44	8.788900375366211
45	8.713403701782227
46	8.860929489135742
47	9.14498233795166
48	9.312809944152832
49	8.754522323608398
50	9.002389907836914
51	9.083211898803711
52	8.94655704498291
53	8.6884126663208
54	8.812417984008789
55	8.892585754394531
56	8.91476058959961
57	8.898919105529785
58	8.718257904052734
59	9.375994682312012
60	8.628914833068848
61	9.029176712036133
62	9.203357696533203
63	8.863213539123535
64	9.116771697998047
65	8.669845581054688
66	8.547799110412598
67	9.512282371520996
68	8.815135955810547
69	8.813238143920898
70	8.889864921569824
71	8.553608894348145
72	8.9843168258667
73	8.859153747558594
74	8.675125122070312
75	8.909160614013672
76	8.820392608642578
77	8.88563346862793
78	8.706171035766602
79	8.484728813171387
80	9.025714874267578
81	8.873185157775879
82	8.709040641784668
83	8.719452857971191
84	8.997480392456055
85	8.808328628540039
86	9.041184425354004
87	8.587312698364258
88	9.069087982177734
89	8.857416152954102
90	8.9949951171875
91	8.982670783996582
92	8.755720138549805
93	9.11435317993164
94	8.853130340576172
95	8.959686279296875
96	8.973188400268555
97	8.934114456176758
98	8.659302711486816
99	9.03811264038086
100	9.234719276428223
101	8.949569702148438
102	9.190956115722656
103	8.658357620239258
104	8.659356117248535
105	8.880171775817871
106	8.943485260009766
107	9.327422142028809
108	9.01471996307373
109	8.916282653808594
110	8.596173286437988
111	8.977825164794922
112	9.3937406539917
113	8.69958209991455
114	8.635017395019531
115	8.809842109680176
116	9.18764877319336
117	9.155619621276855
118	8.74165153503418
119	9.014150619506836
120	8.826916694641113
121	9.005455017089844
122	8.604915618896484
123	8.60061264038086
124	8.446282386779785
125	8.636999130249023
126	8.549601554870605
127	8.610098838806152
128	8.75091552734375
129	8.688647270202637
130	8.532021522521973
131	8.803923606872559
132	9.122543334960938
133	8.505574226379395
134	8.947731971740723
135	8.600214004516602
136	8.6879243850708
137	8.894373893737793
138	8.892881393432617
139	8.565899848937988
140	8.444106101989746
141	8.628564834594727
142	9.172891616821289
143	8.686850547790527
144	8.979255676269531
145	8.84274959564209
146	8.921642303466797
147	8.727779388427734
148	8.675958633422852
149	8.595582962036133
150	8.803871154785156
151	8.815152168273926
152	9.260265350341797
153	8.512140274047852
154	8.75521469116211
155	8.516683578491211
156	8.726380348205566
157	8.901782989501953
158	9.049067497253418
159	8.630254745483398
160	8.940678596496582
161	8.998075485229492
162	8.641191482543945
163	9.020137786865234
164	8.49853801727295
165	8.62811279296875
166	8.739359855651855
167	9.213011741638184
168	8.855511665344238
169	8.960628509521484
170	8.504541397094727
171	9.104840278625488
172	8.646576881408691
173	8.816701889038086
174	9.235552787780762
175	9.228866577148438
176	8.918594360351562
177	9.001704216003418
178	8.880374908447266
179	9.043078422546387
180	9.152186393737793
181	9.278950691223145
182	8.918752670288086
183	8.988393783569336
184	8.910868644714355
185	9.04994010925293
186	8.919512748718262
187	8.951717376708984
188	9.118412017822266
189	9.153039932250977
190	9.058525085449219
191	9.196012496948242
192	9.315934181213379
193	8.948434829711914
194	8.866013526916504
195	8.991005897521973
196	8.784064292907715
197	9.058767318725586
198	9.20117473602295
199	9.119190216064453
200	9.3287353515625
201	8.863914489746094
202	8.954691886901855
203	9.155570983886719
204	8.762164115905762
205	8.889839172363281
206	9.078554153442383
207	9.095279693603516
208	8.914240837097168
209	9.180337905883789
210	9.14440631866455
211	8.695530891418457
212	9.382433891296387
213	9.256391525268555
214	9.229455947875977
215	9.329962730407715
216	9.204717636108398
217	9.100747108459473
218	9.189937591552734
219	9.062766075134277
220	8.997675895690918
221	9.065570831298828
222	8.689885139465332
223	8.922538757324219
224	8.89947509765625
225	8.876670837402344
226	8.46622085571289
227	9.033367156982422
228	9.23338794708252
229	8.922764778137207
230	9.140052795410156
231	9.229114532470703
232	8.921239852905273
233	8.855976104736328
234	8.755948066711426
235	8.740772247314453
236	8.930127143859863
237	8.94407844543457
238	8.948624610900879
239	8.997050285339355
240	9.021674156188965
241	9.140795707702637
242	9.51345157623291
243	8.590237617492676
244	8.715256690979004
245	8.869771957397461
246	9.504572868347168
247	8.990785598754883
248	8.46387767791748
249	8.964539527893066
250	8.4378023147583
251	8.89236068725586
252	8.490735054016113
253	8.670411109924316
254	8.679030418395996
255	8.43391227722168
256	8.792716026306152
257	8.334900856018066
258	8.788223266601562
259	8.70543098449707
260	8.952987670898438
261	8.908487319946289
262	8.397673606872559
263	8.254284858703613
264	8.624532699584961
265	8.34521484375
266	8.625115394592285
267	8.541440963745117
268	8.433844566345215
269	8.815470695495605
270	8.828035354614258
271	8.653244018554688
272	8.57580852508545
273	8.5077486038208
274	9.055498123168945
275	8.990158081054688
276	8.450455665588379
277	8.791319847106934
278	8.702448844909668
279	8.907718658447266
280	8.259262084960938
281	8.468293190002441
282	8.865408897399902
283	7.973868370056152
284	8.605934143066406
285	8.368595123291016
286	8.548253059387207
287	8.205277442932129
288	8.193735122680664
289	8.060224533081055
290	8.391385078430176
291	8.753742218017578
292	7.921952247619629
293	8.53061294555664
294	8.529160499572754
295	8.255865097045898
296	8.569138526916504
297	8.143522262573242
298	8.905660629272461
299	8.687495231628418
300	8.835103034973145
301	8.971482276916504
302	8.524374961853027
303	9.2000093460083
304	8.643014907836914
305	9.148908615112305
306	9.040319442749023
307	8.810874938964844
308	8.477089881896973
309	8.686944961547852
310	8.387885093688965
311	8.34283447265625
312	8.29238510131836
313	8.633227348327637
314	8.315596580505371
315	8.45260238647461
316	9.144542694091797
317	8.493460655212402
318	8.606369018554688
319	8.518983840942383
320	8.860834121704102
321	8.53405475616455
322	8.854454040527344
323	8.569398880004883
324	8.898505210876465
325	7.923041820526123
326	8.76388168334961
327	8.450182914733887
328	8.195143699645996
329	8.55252456665039
330	8.230218887329102
331	8.629486083984375
332	8.326573371887207
333	8.401784896850586
334	8.41734790802002
335	8.141945838928223
336	8.349592208862305
337	8.240398406982422
338	8.42783260345459
339	8.54997730255127
340	8.900358200073242
341	8.494339942932129
342	8.327435493469238
343	8.834936141967773
344	8.571478843688965
345	8.815174102783203
346	8.598732948303223
347	8.44351863861084
348	8.650750160217285
349	8.544269561767578
350	8.614230155944824
351	8.507366180419922
352	8.739112854003906
353	8.538360595703125
354	8.589132308959961
355	8.874824523925781
356	8.738040924072266
357	8.83077621459961
358	9.036027908325195
359	8.733036041259766
360	8.846633911132812
361	9.053604125976562
362	8.965540885925293
363	8.420184135437012
364	8.294462203979492
365	8.65170955657959
366	8.243744850158691
367	8.888787269592285
368	8.534879684448242
369	8.540404319763184
370	8.466246604919434
371	8.343366622924805
372	8.263257026672363
373	8.430123329162598
374	9.124876976013184
375	8.660557746887207
376	8.385528564453125
377	8.614364624023438
378	8.564876556396484
379	8.301525115966797
380	7.856650352478027
381	8.516868591308594
382	8.713912963867188
383	8.456274032592773
384	8.31546688079834
385	8.678037643432617
386	8.250194549560547
387	8.811100006103516
388	8.810816764831543
389	8.727434158325195
390	8.529020309448242
391	8.49233341217041
392	9.151192665100098
393	8.059944152832031
394	8.603894233703613
395	8.543617248535156
396	8.747056007385254
397	8.232193946838379
398	8.557632446289062
399	8.658621788024902
400	8.571799278259277
401	8.387532234191895
402	8.834057807922363
403	8.937142372131348
404	8.467732429504395
405	8.6668701171875
406	8.528336524963379
407	8.582460403442383
408	9.147835731506348
409	9.186545372009277
410	8.623626708984375
411	8.834869384765625
412	8.768601417541504
413	8.959096908569336
414	8.666393280029297
415	8.662714958190918
416	8.686747550964355
417	8.881370544433594
418	8.679195404052734
419	9.091500282287598
420	8.358647346496582
421	8.843315124511719
422	8.580307960510254
423	8.953962326049805
424	9.153319358825684
425	8.801624298095703
426	8.681096076965332
427	8.527334213256836
428	8.291085243225098
429	9.093313217163086
430	9.305488586425781
431	8.480084419250488
432	8.744270324707031
433	8.568489074707031
434	8.755903244018555
435	8.52939224243164
436	8.605005264282227
437	8.581341743469238
438	8.897960662841797
439	9.121587753295898
440	8.499988555908203
441	8.523332595825195
442	8.464620590209961
443	7.725161075592041
444	8.21862506866455
445	8.212983131408691
446	8.586991310119629
447	8.422477722167969
448	8.6968355178833
449	8.66234302520752
450	8.839174270629883
451	8.170465469360352
452	8.650144577026367
453	9.039886474609375
454	8.995380401611328
455	8.741018295288086
456	8.610576629638672
457	8.691150665283203
458	9.189873695373535
459	8.48234748840332
460	8.417036056518555
461	8.312557220458984
462	8.788406372070312
463	8.532672882080078
464	8.739870071411133
465	8.801982879638672
466	8.795080184936523
467	8.822159767150879
468	8.836039543151855
469	8.875091552734375
470	8.739277839660645
471	8.79050064086914
472	8.968968391418457
473	8.760629653930664
474	8.10798454284668
475	8.897966384887695
476	8.821531295776367
477	8.714798927307129
478	8.64723014831543
479	8.769893646240234
480	8.801188468933105
481	8.807008743286133
482	8.65238094329834
483	8.83775520324707
484	8.609500885009766
485	8.558279991149902
486	8.594195365905762
487	9.048110961914062
488	8.67522144317627
489	8.772740364074707
490	8.531060218811035
491	8.341668128967285
492	8.930073738098145
493	8.624860763549805
494	8.688458442687988
495	8.748149871826172
496	8.804326057434082
497	8.345931053161621
498	8.663141250610352
499	8.504186630249023
500	8.618781089782715
501	8.894898414611816
502	8.951836585998535
503	8.816426277160645
504	8.757196426391602
505	8.578605651855469
506	8.929198265075684
507	9.198824882507324
508	8.72341537475586
509	8.5934476852417
510	8.708026885986328
511	8.661149978637695
512	8.799164772033691
513	8.645333290100098
514	8.653987884521484
515	9.025035858154297
516	8.833539009094238
517	8.74000358581543
518	8.966140747070312
519	9.022130012512207
520	8.656314849853516
521	9.08243465423584
522	8.956002235412598
523	8.942221641540527
524	8.83651351928711
525	8.657793045043945
526	9.1028470993042
527	9.11161994934082
528	8.570293426513672
529	8.704833030700684
530	8.698558807373047
531	8.42542552947998
532	8.658835411071777
533	8.831677436828613
534	8.918254852294922
535	8.917365074157715
536	8.778501510620117
537	8.756915092468262
538	8.96447467803955
539	9.02528190612793
540	9.080092430114746
541	9.255940437316895
542	9.004490852355957
543	9.101325035095215
544	8.89633846282959
545	9.238214492797852
546	9.222376823425293
547	9.29122257232666
548	8.910115242004395
549	8.521526336669922
550	8.22420597076416
551	8.580909729003906
552	8.687934875488281
553	8.918042182922363
554	9.031235694885254
555	9.198578834533691
556	8.804512023925781
557	8.985515594482422
558	9.139853477478027
559	9.106180191040039
560	8.8372220993042
561	9.003360748291016
562	8.982596397399902
563	8.94838809967041
564	9.130134582519531
565	8.294438362121582
566	8.65097427368164
567	9.457979202270508
568	9.189375877380371
569	8.975707054138184
570	8.532280921936035
571	8.707274436950684
572	8.195157051086426
573	8.50619888305664
574	8.561921119689941
575	9.006772994995117
576	8.618074417114258
577	8.935844421386719
578	9.07866096496582
579	9.172012329101562
580	8.778302192687988
581	8.974727630615234
582	9.326592445373535
583	9.500911712646484
584	9.333483695983887
585	9.16496467590332
586	9.345434188842773
587	9.210415840148926
588	8.63813304901123
589	9.354581832885742
590	9.514641761779785
591	8.4048433303833
592	9.201071739196777
593	8.906676292419434
594	9.27031135559082
595	9.345998764038086
596	9.290328025817871
597	9.352934837341309
598	9.06281852722168
599	9.1014404296875
600	9.085708618164062
601	9.40989875793457
602	9.076140403747559
603	9.52538013458252
604	10.018617630004883
605	10.478192329406738
606	9.398923873901367
607	9.559700012207031
608	10.136932373046875
609	10.32961368560791
610	9.667130470275879
611	9.987655639648438
612	9.716981887817383
613	10.984871864318848
614	10.690845489501953
615	10.34581184387207
616	10.772655487060547
617	10.466110229492188
618	10.578186988830566
619	10.28986644744873
620	10.080648422241211
621	10.84864330291748
622	10.740105628967285
623	10.871674537658691
624	10.691743850708008
625	11.491233825683594
626	11.251904487609863
627	10.943887710571289
628	11.444219589233398
629	11.27060604095459
630	10.982046127319336
631	10.967052459716797
632	11.323328971862793
633	10.303779602050781
634	11.02617359161377
635	11.524239540100098
636	11.983201026916504
637	10.659427642822266
638	10.657095909118652
639	11.444503784179688
640	10.77480411529541
641	11.3734712600708
642	9.854391098022461
643	10.342391967773438
644	11.070270538330078
645	11.172406196594238
646	11.351146697998047
647	10.7125883102417
648	10.864527702331543
649	10.985089302062988
650	11.258460998535156
651	10.141975402832031
652	10.904706954956055
653	10.954414367675781
654	11.192880630493164
655	11.020171165466309
656	10.641093254089355
657	11.620941162109375
658	11.34757137298584
659	10.47764778137207
660	11.124977111816406
661	10.510515213012695
662	9.895347595214844
663	10.92996597290039
664	10.899127006530762
665	10.46855640411377
666	11.067375183105469
667	10.334118843078613
668	10.509852409362793
669	10.481612205505371
670	10.899895668029785
671	10.91549301147461
672	10.407322883605957
673	10.595687866210938
674	10.689520835876465
675	10.16772174835205
676	10.51831340789795
677	10.087422370910645
678	10.120140075683594
679	10.21407699584961
680	10.60181999206543
681	10.483766555786133
682	10.236845016479492
683	9.758455276489258
684	9.181711196899414
685	9.202128410339355
686	9.740645408630371
687	9.40401554107666
688	9.28058910369873
689	9.223421096801758
690	9.204849243164062
691	9.45878791809082
692	9.10958194732666
693	9.098427772521973
694	9.607470512390137
695	9.1400728225708
696	9.743478775024414
697	9.724493026733398
698	11.598917007446289
699	9.760601997375488
700	9.791440963745117
701	10.43667984008789
702	10.053070068359375
703	10.745474815368652
704	10.543741226196289
705	11.478144645690918
706	11.136486053466797
707	10.60096263885498
708	10.305007934570312
709	10.735503196716309
710	10.867338180541992
711	10.502161026000977
712	10.799002647399902
713	10.766201972961426
714	11.43587875366211
715	10.669554710388184
716	10.687774658203125
717	10.7855863571167
718	10.900007247924805
719	10.270992279052734
720	10.871124267578125
721	10.30146598815918
722	10.300856590270996
723	10.827079772949219
724	10.443953514099121
725	10.884515762329102
726	11.089334487915039
727	10.647717475891113
728	10.885409355163574
729	10.299092292785645
730	10.526979446411133
731	10.827282905578613
732	10.287500381469727
733	9.864755630493164
734	10.449448585510254
735	10.288993835449219
736	10.36001968383789
737	10.636795043945312
738	10.304925918579102
739	9.354433059692383
740	10.483556747436523
741	10.007401466369629
742	9.828510284423828
743	9.901572227478027
744	9.73801040649414
745	10.181951522827148
746	10.736257553100586
747	10.350826263427734
748	9.978529930114746
749	9.480912208557129
750	9.121238708496094
751	9.508383750915527
752	9.907120704650879
753	10.162287712097168
754	9.965801239013672
755	9.526768684387207
756	9.872480392456055
757	9.977145195007324
758	9.378571510314941
759	9.746227264404297
760	9.768491744995117
761	9.508076667785645
762	9.174504280090332
763	9.468795776367188
764	9.379982948303223
765	9.460970878601074
766	10.078300476074219
767	10.111886024475098
768	9.628470420837402
769	10.356730461120605
770	10.392867088317871
771	10.314000129699707
772	9.639348030090332
773	10.354214668273926
774	10.38310432434082
775	10.509111404418945
776	9.796382904052734
777	10.451388359069824
778	9.999906539916992
779	9.93098258972168
780	10.315369606018066
781	9.807104110717773
782	9.786009788513184
783	10.153980255126953
784	9.706083297729492
785	9.041166305541992
786	9.491310119628906
787	9.249034881591797
788	9.29001522064209
789	9.781295776367188
790	9.947592735290527
791	10.162760734558105
792	10.359535217285156
793	9.19851016998291
794	10.388479232788086
795	9.885475158691406
796	10.072419166564941
797	9.462244987487793
798	9.950006484985352
799	9.825576782226562
800	10.007610321044922
801	10.221715927124023
802	9.738402366638184
803	10.237412452697754
804	9.855868339538574
805	9.761026382446289
806	10.595231056213379
807	10.098030090332031
808	9.611899375915527
809	9.960029602050781
810	10.015972137451172
811	10.525252342224121
812	9.425118446350098
813	9.557832717895508
814	9.817520141601562
815	10.338400840759277
816	9.88442325592041
817	10.098821640014648
818	9.782480239868164
819	9.443066596984863
820	9.26428508758545
821	9.888507843017578
822	9.539161682128906
823	9.383728981018066
824	9.499868392944336
825	10.097606658935547
826	9.839973449707031
827	9.348258018493652
828	9.876992225646973
829	9.366671562194824
830	10.157747268676758
831	10.443338394165039
832	10.03707504272461
833	10.070080757141113
834	10.22563362121582
835	9.689018249511719
836	9.517105102539062
837	9.55670166015625
838	11.014902114868164
839	10.198235511779785
840	10.123502731323242
841	9.998332023620605
842	10.272256851196289
843	10.305522918701172
844	10.621720314025879
845	10.166158676147461
846	10.00698471069336
847	10.880168914794922
848	10.155400276184082
849	10.635480880737305
850	10.39901351928711
851	10.199904441833496
852	10.001442909240723
853	10.602855682373047
854	10.15619945526123
855	10.520963668823242
856	11.134119033813477
857	10.56850814819336
858	10.72080135345459
859	10.013839721679688
860	10.934999465942383
861	11.127849578857422
862	10.446767807006836
863	10.441036224365234
864	9.686963081359863
865	10.471540451049805
866	9.97197437286377
867	10.22618293762207
868	10.822251319885254
869	10.91413688659668
870	10.704366683959961
871	10.900046348571777
872	9.685162544250488
873	9.163717269897461
874	10.064008712768555
875	9.827963829040527
876	10.50662612915039
877	10.600576400756836
878	9.940600395202637
879	10.076749801635742
880	9.26832103729248
881	10.02846622467041
882	9.526262283325195
883	10.478559494018555
884	10.269729614257812
885	9.736662864685059
886	9.722923278808594
887	9.910761833190918
888	10.177899360656738
889	9.91908073425293
890	10.105720520019531
891	10.058152198791504
892	9.600862503051758
893	10.029170989990234
894	10.667351722717285
895	9.758594512939453
896	10.231585502624512
897	9.998044967651367
898	9.902871131896973
899	9.874561309814453
900	10.280107498168945
901	10.563055992126465
902	9.546958923339844
903	9.967611312866211
904	9.878628730773926
905	10.014960289001465
906	9.53697395324707
907	9.148979187011719
908	9.969401359558105
909	9.766441345214844
910	10.249497413635254
911	9.34150505065918
912	9.922611236572266
913	9.747645378112793
914	10.05802059173584
915	9.816610336303711
916	9.679058074951172
917	10.142647743225098
918	10.020899772644043
919	10.566333770751953
920	10.035077095031738
921	10.676057815551758
922	10.143797874450684
923	10.286161422729492
924	10.232199668884277
925	10.421430587768555
926	10.520426750183105
927	10.491582870483398
928	9.717962265014648
929	9.753670692443848
930	10.302045822143555
931	10.594496726989746
932	10.598665237426758
933	10.649105072021484
934	10.108989715576172
935	9.93751335144043
936	10.58622932434082
937	10.315495491027832
938	10.114294052124023
939	9.967495918273926
940	9.84524154663086
941	10.068170547485352
942	10.379374504089355
943	10.575282096862793
944	10.4579439163208
945	10.631990432739258
946	11.323467254638672
947	10.634706497192383
948	10.241786003112793
949	9.477438926696777
950	10.657903671264648
951	10.328262329101562
952	10.286133766174316
953	9.756403923034668
954	9.89671802520752
955	10.098658561706543
956	9.772686958312988
957	9.633537292480469
958	9.840579986572266
959	10.301277160644531
960	10.072126388549805
961	10.067018508911133
962	9.983179092407227
963	9.664505958557129
964	10.042155265808105
965	10.342751502990723
966	9.996404647827148
967	9.762737274169922
968	9.603705406188965
969	10.515429496765137
970	10.932584762573242
971	11.341510772705078
972	10.753023147583008
973	11.275911331176758
974	10.779243469238281
975	10.587596893310547
976	10.35507869720459
977	10.831645011901855
978	10.559640884399414
979	10.455113410949707
980	10.037002563476562
981	10.858437538146973
982	10.427445411682129
983	10.858369827270508
984	10.622904777526855
985	10.580121994018555
986	10.707459449768066
987	10.699132919311523
988	10.770041465759277
989	10.019351959228516
990	10.644198417663574
991	10.550543785095215
992	9.764399528503418
993	9.969808578491211
994	10.410980224609375
995	9.740765571594238
996	9.905177116394043
997	8.915562629699707
998	9.838496208190918
999	9.507160186767578
1000	9.996101379394531
1001	9.665334701538086
1002	8.093818664550781
1003	7.825033187866211
1004	8.448718070983887
1005	9.17738151550293
1006	8.801376342773438
1007	8.754820823669434
1008	9.05173397064209
1009	9.27015209197998
1010	9.500758171081543
1011	9.412699699401855
1012	8.909695625305176
1013	8.561479568481445
1014	8.948800086975098
1015	8.60107707977295
1016	7.791330814361572
1017	7.467354774475098
1018	7.642239093780518
1019	6.877470016479492
1020	7.812741279602051
1021	7.964258193969727
1022	7.463833808898926
1023	6.916971683502197
1024	6.873666763305664
1025	6.829708099365234
1026	6.417397975921631
1027	6.645705699920654
1028	6.806365013122559
1029	6.473915100097656
1030	6.37245512008667
1031	6.457971096038818
1032	6.203239917755127
1033	6.693892002105713
1034	6.574963092803955
1035	6.841651916503906
1036	6.392446517944336
1037	6.229430675506592
1038	6.497546672821045
1039	6.829195976257324
1040	6.467543125152588
1041	6.794681072235107
1042	6.450320243835449
1043	6.420234203338623
1044	6.46204948425293
1045	6.512832164764404
1046	6.538319110870361
1047	6.3833208084106445
1048	7.048989295959473
1049	6.404068946838379
1050	6.835853576660156
1051	6.326204776763916
1052	6.438611030578613
1053	6.488961696624756
1054	6.656466007232666
1055	6.709741115570068
1056	6.465246200561523
1057	6.4368815422058105
1058	6.920507431030273
1059	6.875246524810791
1060	6.605269432067871
1061	6.572071075439453
1062	6.43336820602417
1063	7.006032943725586
1064	6.628249168395996
1065	6.517093658447266
1066	6.293776512145996
1067	6.884939670562744
1068	6.437654495239258
1069	6.648293495178223
1070	6.392526149749756
1071	6.3240966796875
1072	6.347418308258057
1073	6.285882472991943
1074	7.035519123077393
1075	6.348998546600342
1076	6.596012592315674
1077	7.095639705657959
1078	6.357231616973877
1079	6.295982837677002
1080	6.490261554718018
1081	6.543807506561279
1082	6.472872257232666
1083	6.3972649574279785
1084	6.205890655517578
1085	6.163350582122803
1086	6.509938716888428
1087	6.654017925262451
1088	6.5633134841918945
1089	6.385335922241211
1090	6.5172224044799805
1091	6.489745140075684
1092	6.55586576461792
1093	6.595159530639648
1094	6.423776149749756
1095	6.30240535736084
1096	6.474981307983398
1097	6.439783096313477
1098	6.826990604400635
1099	6.671533584594727
1100	6.242668628692627
1101	6.181163787841797
1102	6.415048122406006
1103	6.3538665771484375
1104	6.347768783569336
1105	6.195723533630371
1106	6.282115459442139
1107	6.3476457595825195
1108	6.273388385772705
1109	6.328293323516846
1110	6.317763328552246
1111	6.61339807510376
1112	6.220529079437256
1113	6.465051651000977
1114	7.101500511169434
1115	6.598038673400879
1116	6.80413293838501
1117	6.884263515472412
1118	6.421908855438232
1119	6.581696033477783
1120	6.343288898468018
1121	6.500035285949707
1122	6.512364864349365
1123	6.59874153137207
1124	6.394730567932129
1125	6.508462905883789
1126	6.758294105529785
1127	6.520837306976318
1128	6.46632719039917
1129	6.909855842590332
1130	6.3615336418151855
1131	6.3487548828125
1132	6.491796970367432
1133	6.4548516273498535
1134	6.306898593902588
1135	6.2625651359558105
1136	6.379452228546143
1137	6.564975261688232
1138	6.4488525390625
1139	6.769505500793457
1140	6.564822196960449
1141	6.65512752532959
1142	6.8425140380859375
1143	7.047362327575684
1144	6.451900005340576
1145	6.493956089019775
1146	6.468963623046875
1147	6.30958890914917
1148	6.13348913192749
1149	6.4897942543029785
1150	6.609424591064453
1151	6.609642028808594
1152	6.522337913513184
1153	6.974482536315918
1154	6.89125919342041
1155	6.390697479248047
1156	6.361571311950684
1157	6.455857276916504
1158	6.285426139831543
1159	6.490401744842529
1160	6.50029993057251
1161	6.681441307067871
1162	6.506808757781982
1163	6.300239562988281
1164	6.285587310791016
1165	6.4877119064331055
1166	6.612602710723877
1167	6.7171454429626465
1168	6.460152626037598
1169	6.385505199432373
1170	6.651840686798096
1171	6.639916896820068
1172	6.446773529052734
1173	6.457657814025879
1174	6.570158958435059
1175	6.481220245361328
1176	6.546762466430664
1177	6.376908302307129
1178	6.585568428039551
1179	5.88872766494751
1180	6.015115737915039
1181	6.441494941711426
1182	6.763504505157471
1183	6.777970790863037
1184	6.210235118865967
1185	6.268064498901367
1186	6.446708679199219
1187	6.211297512054443
1188	6.222329139709473
1189	6.340749740600586
1190	6.361527442932129
1191	6.452735424041748
1192	6.791911602020264
1193	6.321835041046143
1194	6.283975601196289
1195	6.535512924194336
1196	6.388944625854492
1197	6.3253374099731445
1198	6.364166736602783
1199	6.403046131134033
1200	6.67633056640625
1201	6.408543586730957
1202	6.252752304077148
1203	6.563251972198486
1204	6.299437999725342
1205	6.673895359039307
1206	6.517139434814453
1207	6.744046211242676
1208	6.632047653198242
1209	6.668415546417236
1210	6.519578456878662
1211	6.578761100769043
1212	6.776447296142578
1213	6.427915096282959
1214	6.062646865844727
1215	6.504803657531738
1216	6.280158519744873
1217	6.463606834411621
1218	6.511778831481934
1219	6.560551643371582
1220	6.2774128913879395
1221	6.267789840698242
1222	6.389532566070557
1223	6.409877777099609
1224	6.179006576538086
1225	7.110740661621094
1226	6.374333381652832
1227	6.656259536743164
1228	6.582895755767822
1229	6.61916971206665
1230	6.170419216156006
1231	6.336390018463135
1232	6.54850435256958
1233	6.7297682762146
1234	6.695741176605225
1235	6.314341068267822
1236	6.739686965942383
1237	6.886494159698486
1238	6.281713962554932
1239	6.5613627433776855
1240	6.70448112487793
1241	6.224636554718018
1242	6.295751094818115
1243	6.527709007263184
1244	7.211023807525635
1245	6.408562660217285
1246	6.33183479309082
1247	6.332536697387695
1248	6.732325077056885
1249	6.168151378631592
1250	6.34812068939209
1251	6.50208044052124
1252	6.394326686859131
1253	6.356389045715332
1254	6.632382392883301
1255	6.309913635253906
1256	6.779070854187012
1257	6.380853176116943
1258	6.3352437019348145
1259	6.278480529785156
1260	6.443999290466309
1261	6.441030502319336
1262	6.3755364418029785
1263	6.504914283752441
1264	6.552175998687744
1265	6.55092191696167
1266	7.407678127288818
1267	6.65818452835083
1268	6.262290954589844
1269	6.595003604888916
1270	6.999100208282471
1271	6.8056840896606445
1272	6.146256923675537
1273	6.449721813201904
1274	6.497199058532715
1275	6.628995418548584
1276	6.724552154541016
1277	6.386469841003418
1278	6.853447914123535
1279	6.688744068145752
1280	6.731436252593994
1281	7.244368076324463
1282	6.756969928741455
1283	7.391270160675049
1284	7.679133892059326
1285	8.1681547164917
1286	7.37738037109375
1287	6.373775005340576
1288	7.506192207336426
1289	7.115484714508057
1290	6.609834671020508
1291	6.4688029289245605
1292	6.4402971267700195
1293	6.594043254852295
1294	6.190394401550293
1295	6.262441635131836
1296	6.980373859405518
1297	6.518476486206055
1298	6.6034698486328125
1299	6.182449817657471
1300	6.739576816558838
1301	6.864264965057373
1302	6.574694633483887
1303	6.459730625152588
1304	7.02831506729126
1305	6.262313365936279
1306	6.280993461608887
1307	7.087812423706055
1308	6.567658424377441
1309	6.301633358001709
1310	6.409783363342285
1311	6.321412563323975
1312	6.770584583282471
1313	6.382038116455078
1314	6.625691890716553
1315	6.471857070922852
1316	7.0763115882873535
1317	7.1970367431640625
1318	6.402085304260254
1319	7.182931423187256
1320	6.432682514190674
1321	6.645984649658203
1322	6.556426525115967
1323	6.285739421844482
1324	6.348213195800781
1325	7.1183905601501465
1326	7.55746603012085
1327	6.759593486785889
1328	7.665152549743652
1329	6.857555866241455
1330	6.6176276206970215
1331	6.505265712738037
1332	6.722900390625
1333	6.265786170959473
1334	6.6070475578308105
1335	6.411256790161133
1336	6.313198566436768
1337	7.107218265533447
1338	6.761020183563232
1339	6.835628509521484
1340	6.97323751449585
1341	6.620169162750244
1342	6.756277561187744
1343	6.688508033752441
1344	6.3929338455200195
1345	7.4437665939331055
1346	6.755150318145752
1347	6.626418113708496
1348	6.378854751586914
1349	6.833134651184082
1350	6.639978885650635
1351	6.798928260803223
1352	7.099138259887695
1353	6.9142608642578125
1354	6.629726409912109
1355	6.62819766998291
1356	6.50374174118042
1357	7.204453945159912
1358	6.968082427978516
1359	6.7616095542907715
1360	6.869879245758057
1361	6.829481601715088
1362	6.456270694732666
1363	6.769150733947754
1364	6.559546947479248
1365	6.5578227043151855
1366	7.00910758972168
1367	6.28756046295166
1368	6.544785976409912
1369	6.534562110900879
1370	6.310983657836914
1371	6.545083522796631
1372	6.598227024078369
1373	7.137474060058594
1374	6.9043779373168945
1375	6.620029449462891
1376	6.7335710525512695
1377	6.378284454345703
1378	6.644114971160889
1379	6.553820610046387
1380	6.721911907196045
1381	6.6248860359191895
1382	6.426856517791748
1383	6.564692497253418
1384	7.275617599487305
1385	6.387930393218994
1386	6.3179521560668945
1387	6.412189960479736
1388	6.597498416900635
1389	6.441506862640381
1390	6.741543769836426
1391	6.5824456214904785
1392	6.464064598083496
1393	6.534843921661377
1394	6.21602725982666
1395	6.273983955383301
1396	6.159366607666016
1397	6.506718635559082
1398	6.262914657592773
1399	6.558631420135498
1400	6.699090480804443
1401	6.282467365264893
1402	6.258185863494873
1403	6.9743218421936035
1404	6.718601226806641
1405	6.262565612792969
1406	6.2411346435546875
1407	6.692987442016602
1408	6.39517068862915
1409	6.388896942138672
1410	6.428694248199463
1411	6.335495948791504
1412	6.641609191894531
1413	6.779877185821533
1414	6.496791839599609
1415	6.667702674865723
1416	6.403703689575195
1417	6.874480724334717
1418	6.7148895263671875
1419	6.723837852478027
1420	6.8061017990112305
1421	6.36417293548584
1422	6.863105297088623
1423	6.637836933135986
1424	6.53731632232666
1425	6.543524265289307
1426	6.520016670227051
1427	6.532541751861572
1428	6.655727386474609
1429	6.393911838531494
1430	6.489874839782715
1431	6.385471820831299
1432	6.484017848968506
1433	6.421907901763916
1434	6.551732540130615
1435	6.156815052032471
1436	6.858616352081299
1437	6.219717979431152
1438	6.56065559387207
1439	6.397362232208252
1440	6.143306255340576
1441	6.614589214324951
1442	6.553375720977783
1443	6.439947605133057
1444	6.944296836853027
1445	6.539647102355957
1446	6.497288227081299
1447	6.353482246398926
1448	6.479119777679443
1449	6.617408275604248
1450	6.371588230133057
1451	6.334240913391113
1452	6.384400844573975
1453	6.297318458557129
1454	6.647745609283447
1455	6.781010150909424
1456	6.324385643005371
1457	6.501678943634033
1458	6.645636081695557
1459	6.2247443199157715
1460	6.52570915222168
1461	6.270134449005127
1462	6.301777362823486
1463	6.495067119598389
1464	6.355556964874268
1465	6.472253322601318
1466	6.577064514160156
1467	6.430711269378662
1468	6.35148811340332
1469	6.706185340881348
1470	6.52512788772583
1471	6.361799716949463
1472	6.382177829742432
1473	6.227078914642334
1474	6.212832927703857
1475	6.370239734649658
1476	6.552936553955078
1477	6.220694065093994
1478	6.411506652832031
1479	6.375120162963867
1480	6.294109344482422
1481	6.115516185760498
1482	6.505958080291748
1483	6.705380439758301
1484	6.305344104766846
1485	6.470873832702637
1486	6.4521803855896
1487	6.356435775756836
1488	6.597411632537842
1489	6.42022705078125
1490	6.524684429168701
1491	6.651700973510742
1492	7.161599636077881
1493	6.734667778015137
1494	6.465339183807373
1495	6.4616169929504395
1496	6.573050022125244
1497	6.85711669921875
1498	6.543747425079346
1499	6.589544773101807
1500	6.696224689483643
1501	6.349399089813232
1502	6.493113994598389
1503	6.540358543395996
1504	6.590602397918701
1505	6.755795001983643
1506	6.848221302032471
1507	6.489713191986084
1508	6.447148323059082
1509	6.339237689971924
1510	6.748015403747559
1511	6.578670024871826
1512	6.619263648986816
1513	6.674434661865234
1514	6.808408260345459
1515	6.999755859375
1516	6.391853332519531
1517	6.459039211273193
1518	6.427760124206543
1519	6.516724586486816
1520	6.415689945220947
1521	6.826632022857666
1522	6.562389373779297
1523	6.558010101318359
1524	6.583328723907471
1525	6.650343418121338
1526	6.697918891906738
1527	6.3374857902526855
1528	6.640347957611084
1529	6.549903869628906
1530	6.735135555267334
1531	7.013564586639404
1532	6.550058841705322
1533	6.630551815032959
1534	7.269321918487549
1535	7.219139575958252
1536	6.937302112579346
1537	7.282917022705078
1538	6.556530475616455
1539	6.2868332862854
1540	6.452617168426514
1541	6.506499767303467
1542	6.435141563415527
1543	6.4841837882995605
1544	7.026764869689941
1545	6.617015361785889
1546	6.766396522521973
1547	6.587032318115234
1548	6.904447555541992
1549	6.95229434967041
1550	6.645237445831299
1551	6.367105960845947
1552	6.47921085357666
1553	6.371265888214111
1554	6.561837196350098
1555	7.240894317626953
1556	6.552848815917969
1557	6.680614471435547
1558	6.630874156951904
1559	6.2940473556518555
1560	6.711432456970215
1561	6.294014930725098
1562	6.559086799621582
1563	6.277985572814941
1564	6.400729179382324
1565	6.321811676025391
1566	6.7775068283081055
1567	6.714766979217529
1568	6.668056964874268
1569	6.790716171264648
1570	6.705855846405029
1571	6.572464942932129
1572	6.46643590927124
1573	6.63268518447876
1574	6.583614349365234
1575	6.507580757141113
1576	6.465491771697998
1577	6.7585649490356445
1578	6.624478340148926
1579	6.571221351623535
1580	6.241579532623291
1581	6.4509501457214355
1582	6.564215183258057
1583	6.705543041229248
1584	6.576526641845703
1585	6.640885829925537
1586	6.754568576812744
1587	6.253039360046387
1588	6.447412014007568
1589	6.4733967781066895
1590	6.5862274169921875
1591	6.721467018127441
1592	6.499152660369873
1593	6.640249729156494
1594	6.886064052581787
1595	6.726218223571777
1596	6.301175117492676
1597	6.42916202545166
1598	6.595983505249023
1599	6.610392093658447
1600	6.472399711608887
1601	6.191648006439209
1602	6.56143856048584
1603	6.352268695831299
1604	6.700073719024658
1605	6.451380252838135
1606	6.425533294677734
1607	6.666645526885986
1608	6.679864406585693
1609	6.746303081512451
1610	6.976113319396973
1611	6.464995384216309
1612	6.795130252838135
1613	6.503927707672119
1614	6.581980228424072
1615	6.519253253936768
1616	6.682416915893555
1617	6.3186726570129395
1618	6.536848068237305
1619	7.0720648765563965
1620	6.556159019470215
1621	6.540864944458008
1622	6.672512531280518
1623	6.529975891113281
1624	6.942250728607178
1625	6.476890563964844
1626	6.6450958251953125
1627	6.550420761108398
1628	6.47494649887085
1629	6.759252071380615
1630	6.725840091705322
1631	6.485567092895508
1632	6.61251974105835
1633	6.505774974822998
1634	6.250791549682617
1635	6.6200971603393555
1636	6.659017086029053
1637	6.7267327308654785
1638	6.631039619445801
1639	6.5577192306518555
1640	6.488595485687256
1641	7.816991806030273
1642	6.7962565422058105
1643	6.437500476837158
1644	6.650669097900391
1645	6.25294828414917
1646	6.495673656463623
1647	6.764198303222656
1648	6.421290874481201
1649	6.638586521148682
1650	6.614747047424316
1651	6.3875274658203125
1652	6.8229827880859375
1653	6.803426265716553
1654	6.389330863952637
1655	6.38161039352417
1656	6.574930191040039
1657	6.790037631988525
1658	6.6475090980529785
1659	6.497030258178711
1660	6.522955417633057
1661	6.688701152801514
1662	7.317666053771973
1663	6.943702697753906
1664	6.349749565124512
1665	6.507227420806885
1666	7.088227272033691
1667	6.830851078033447
1668	6.454691410064697
1669	6.51113748550415
1670	6.586246013641357
1671	6.726349830627441
1672	6.583533763885498
1673	6.616983890533447
1674	6.722345352172852
1675	6.841010093688965
1676	6.44875431060791
1677	6.379306316375732
1678	6.721611499786377
1679	6.769383430480957
1680	6.248239040374756
1681	6.781586647033691
1682	6.678095817565918
1683	6.297701358795166
1684	6.5195088386535645
1685	6.593693256378174
1686	6.7689127922058105
1687	6.762086391448975
1688	6.737076282501221
1689	6.667015552520752
1690	6.295633316040039
1691	6.382585525512695
1692	6.730653762817383
1693	6.577978134155273
1694	6.3401007652282715
1695	6.341757297515869
1696	6.638237953186035
1697	6.085044860839844
1698	6.431615352630615
1699	6.662513732910156
1700	6.754693031311035
1701	6.525441646575928
1702	6.39170503616333
1703	6.636011600494385
1704	6.547191143035889
1705	6.605043888092041
1706	6.919376850128174
1707	6.6386823654174805
1708	6.437561511993408
1709	6.578981876373291
1710	6.291780471801758
1711	6.42871618270874
1712	7.089964866638184
1713	6.535906791687012
1714	6.483305931091309
1715	6.265000343322754
1716	6.604945659637451
1717	6.213453769683838
1718	6.763927459716797
1719	6.546708583831787
1720	6.447434425354004
1721	6.470813751220703
1722	6.681446552276611
1723	6.147093296051025
1724	6.579277038574219
1725	6.684229850769043
1726	6.829268455505371
1727	6.77011251449585
1728	6.809388637542725
1729	6.724921226501465
1730	6.622673034667969
1731	6.454407215118408
1732	6.581104278564453
1733	6.731263637542725
1734	6.563185691833496
1735	6.806362628936768
1736	6.970888137817383
1737	7.120635509490967
1738	6.782356262207031
1739	6.731761932373047
1740	7.720661163330078
1741	7.148329734802246
1742	7.0187225341796875
1743	6.6299943923950195
1744	6.120506763458252
1745	6.470770359039307
1746	6.929743766784668
1747	6.345202922821045
1748	6.201459884643555
1749	6.446716785430908
1750	6.384899616241455
1751	6.479237079620361
1752	6.767792701721191
1753	6.220552444458008
1754	6.802763938903809
1755	6.3633131980896
1756	6.437429428100586
1757	6.733773708343506
1758	6.547133445739746
1759	6.488773822784424
1760	7.255550861358643
1761	6.640374183654785
1762	6.698304176330566
1763	6.430195331573486
1764	6.370997428894043
1765	6.53056526184082
1766	7.5566277503967285
1767	6.701416969299316
1768	6.5829925537109375
1769	6.382422924041748
1770	6.685088634490967
1771	6.3906660079956055
1772	6.292491436004639
1773	6.664337635040283
1774	6.980931282043457
1775	6.533061504364014
1776	6.815639019012451
1777	6.37543249130249
1778	6.6062846183776855
1779	6.57528829574585
1780	6.638721942901611
1781	6.695853233337402
1782	6.27386999130249
1783	6.493603706359863
1784	6.167383670806885
1785	7.037676811218262
1786	7.0975494384765625
1787	6.372865676879883
1788	6.688089370727539
1789	6.35270881652832
1790	6.620589733123779
1791	6.895621299743652
1792	6.66630220413208
1793	6.476822376251221
1794	6.2564377784729
1795	6.835504055023193
1796	6.51031494140625
1797	6.35975980758667
1798	6.3574910163879395
1799	6.4735283851623535
1800	6.932891845703125
1801	6.633633136749268
1802	6.514972686767578
1803	6.612367153167725
1804	6.285426616668701
1805	6.499608039855957
1806	6.674401760101318
1807	6.613766670227051
1808	6.289846420288086
1809	6.52685546875
1810	6.578616142272949
1811	6.324625492095947
1812	6.398111343383789
1813	6.161990165710449
1814	6.816952705383301
1815	6.302825450897217
1816	6.797100067138672
1817	6.412439823150635
1818	6.428016662597656
1819	6.6147141456604
1820	6.462217807769775
1821	6.240650177001953
1822	6.333955764770508
1823	6.411972522735596
1824	6.4236016273498535
1825	6.542075157165527
1826	6.2785115242004395
1827	6.242642879486084
1828	6.619260787963867
1829	6.551596641540527
1830	6.67428731918335
1831	6.894955635070801
1832	7.108856201171875
1833	6.508408546447754
1834	6.602146148681641
1835	6.462696075439453
1836	6.753270149230957
1837	6.751865863800049
1838	6.64507532119751
1839	6.76030158996582
1840	6.3684492111206055
1841	6.766636848449707
1842	6.382497310638428
1843	6.281634330749512
1844	6.568059921264648
1845	6.727033615112305
1846	7.440056324005127
1847	6.278096675872803
1848	6.825900554656982
1849	6.76340913772583
1850	6.998701095581055
1851	6.430972576141357
1852	6.689282417297363
1853	6.549114227294922
1854	6.771744728088379
1855	6.784438133239746
1856	6.682161808013916
1857	6.5242438316345215
1858	6.6404619216918945
1859	6.596378803253174
1860	6.43560266494751
1861	6.665021896362305
1862	6.755310535430908
1863	6.402148723602295
1864	6.4909162521362305
1865	6.262359142303467
1866	7.256616115570068
1867	6.229580402374268
1868	6.319248199462891
1869	7.06645393371582
1870	6.662980556488037
1871	6.7070112228393555
1872	6.30794095993042
1873	6.778872489929199
1874	6.876583576202393
1875	7.250687599182129
1876	6.8170166015625
1877	6.68115234375
1878	6.719122886657715
1879	6.570888996124268
1880	6.489538192749023
1881	6.465625762939453
1882	7.169336318969727
1883	6.841351509094238
1884	6.708989143371582
1885	6.717204570770264
1886	6.880125045776367
1887	7.363598346710205
1888	6.866119384765625
1889	6.711287021636963
1890	6.614506244659424
1891	6.586569309234619
1892	6.577573299407959
1893	6.431649208068848
1894	6.578708648681641
1895	6.438546657562256
1896	6.580625057220459
1897	6.668018341064453
1898	6.443359851837158
1899	6.746474742889404
1900	6.643087387084961
1901	6.38079833984375
1902	6.39078426361084
1903	6.394010066986084
1904	6.621273994445801
1905	6.473954200744629
1906	6.606801509857178
1907	6.677381992340088
1908	6.236676216125488
1909	6.708008766174316
1910	6.22837495803833
1911	6.045061111450195
1912	6.614785671234131
1913	6.894758224487305
1914	6.963829517364502
1915	6.77905797958374
1916	6.505948066711426
1917	6.80048131942749
1918	6.36836576461792
1919	6.41030216217041
1920	6.8266682624816895
1921	6.574056625366211
1922	6.283905029296875
1923	6.625813007354736
1924	7.202872276306152
1925	6.635926246643066
1926	6.451113224029541
1927	6.618285179138184
1928	6.597681522369385
1929	6.374684810638428
1930	6.621226787567139
1931	6.459244728088379
1932	6.889275550842285
1933	6.60567569732666
1934	6.281036853790283
1935	7.193173408508301
1936	6.473430156707764
1937	7.395514011383057
1938	7.941617012023926
1939	7.534800052642822
1940	6.701962947845459
1941	7.140832901000977
1942	7.479541778564453
1943	6.641091346740723
1944	7.023890018463135
1945	7.640869617462158
1946	6.416416168212891
1947	7.5323381423950195
1948	6.39376163482666
1949	6.44157075881958
1950	6.79478645324707
1951	6.350189685821533
1952	6.385595321655273
1953	6.638389587402344
1954	6.277593612670898
1955	6.385646343231201
1956	6.730187892913818
1957	6.481091499328613
1958	6.975574493408203
1959	6.958980560302734
1960	6.56782341003418
1961	6.96121883392334
1962	6.5866312980651855
1963	6.712419033050537
1964	6.246424198150635
1965	6.530131816864014
1966	6.366828441619873
1967	6.364480018615723
1968	6.692191123962402
1969	6.433228969573975
1970	6.432456016540527
1971	6.831183910369873
1972	6.461864471435547
1973	6.8358073234558105
1974	6.467805862426758
1975	6.537926197052002
1976	6.5461225509643555
1977	7.592911243438721
1978	7.360620975494385
1979	6.108719348907471
1980	6.517642974853516
1981	6.786472797393799
1982	6.9331159591674805
1983	6.837604999542236
1984	6.943897247314453
1985	6.400407314300537
1986	6.510836124420166
1987	7.1091628074646
1988	6.3299384117126465
1989	6.864692687988281
1990	7.263154983520508
1991	6.522343635559082
1992	6.472663402557373
1993	6.354668617248535
1994	6.276853561401367
1995	6.707615375518799
1996	6.370331287384033
1997	6.514374256134033
1998	6.47985315322876
1999	6.552297115325928
2000	6.600783824920654
2001	7.119386672973633
2002	7.357865333557129
2003	8.294463157653809
2004	7.9438629150390625
2005	8.35307788848877
2006	8.01791000366211
2007	8.031145095825195
2008	8.099164962768555
2009	7.908256530761719
2010	7.470668792724609
2011	7.2441020011901855
2012	7.081526279449463
2013	6.735406398773193
2014	7.141786098480225
2015	7.020117282867432
2016	7.149188995361328
2017	7.169581890106201
2018	6.79186487197876
2019	7.474549293518066
2020	7.014458179473877
2021	7.418793201446533
2022	7.227795600891113
2023	7.122025966644287
2024	7.335692405700684
2025	7.509786605834961
2026	7.666537761688232
2027	7.451193809509277
2028	6.882523059844971
2029	6.986028671264648
2030	7.004472255706787
2031	7.374013900756836
2032	7.270111560821533
2033	7.67176628112793
2034	6.993239879608154
2035	7.223361968994141
2036	6.775017738342285
2037	7.042908668518066
2038	7.184185028076172
2039	7.430790424346924
2040	7.288601875305176
2041	6.847643852233887
2042	7.056432723999023
2043	6.567647933959961
2044	6.967185974121094
2045	6.6329026222229
2046	6.528791904449463
2047	6.927837371826172
2048	6.926725387573242
2049	6.915305137634277
2050	7.141322135925293
2051	6.8996124267578125
2052	7.044864177703857
2053	6.984934329986572
2054	6.980660438537598
2055	6.969936847686768
2056	6.608214378356934
2057	7.1217827796936035
2058	6.891110897064209
2059	7.040348052978516
2060	6.8345818519592285
2061	7.0662102699279785
2062	7.071299076080322
2063	6.8673787117004395
2064	7.148895740509033
2065	6.959714412689209
2066	7.107595920562744
2067	6.965491771697998
2068	6.769111633300781
2069	6.684093952178955
2070	6.94108772277832
2071	7.418418884277344
2072	6.621372222900391
2073	6.865318298339844
2074	6.821736812591553
2075	7.065755844116211
2076	6.784403324127197
2077	7.062527656555176
2078	7.1273322105407715
2079	7.042408466339111
2080	7.268587112426758
2081	7.0583906173706055
2082	7.009896278381348
2083	7.104146957397461
2084	7.012090682983398
2085	7.193521022796631
2086	7.113971710205078
2087	7.144460678100586
2088	7.189001560211182
2089	7.052574157714844
2090	6.832907676696777
2091	6.986945152282715
2092	6.726759910583496
2093	7.051751613616943
2094	7.477527618408203
2095	7.102935791015625
2096	7.001196384429932
2097	7.184854507446289
2098	6.934060573577881
2099	7.000494003295898
2100	6.787297248840332
2101	7.005159854888916
2102	6.812089920043945
2103	7.125122547149658
2104	7.037574768066406
2105	7.43916130065918
2106	7.222042083740234
2107	7.123406410217285
2108	7.14539098739624
2109	7.29805326461792
2110	7.175469875335693
2111	6.957370281219482
2112	7.510666847229004
2113	7.415470600128174
2114	6.679089069366455
2115	7.2354888916015625
2116	7.702637672424316
2117	6.6579389572143555
2118	7.217612266540527
2119	7.208194732666016
2120	6.688679218292236
2121	7.124701976776123
2122	7.129500865936279
2123	6.741549968719482
2124	6.72084903717041
2125	6.3188652992248535
2126	6.829473972320557
2127	7.2032928466796875
2128	6.283604621887207
2129	6.5553202629089355
2130	6.68449592590332
2131	6.609169006347656
2132	6.6701507568359375
2133	6.693325042724609
2134	6.886495590209961
2135	6.387690544128418
2136	6.5115437507629395
2137	6.833737850189209
2138	6.553849220275879
2139	7.042626857757568
2140	7.113182067871094
2141	6.463582515716553
2142	6.71699857711792
2143	6.415070533752441
2144	6.448522090911865
2145	6.550037860870361
2146	6.4879961013793945
2147	6.694341659545898
2148	6.6573638916015625
2149	6.891073226928711
2150	6.660768508911133
2151	6.353611946105957
2152	6.696098327636719
2153	6.520682334899902
2154	6.980462551116943
2155	6.82264518737793
2156	7.152073860168457
2157	7.026300430297852
2158	6.607131004333496
2159	6.517163276672363
2160	6.624145030975342
2161	6.860810279846191
2162	6.878833770751953
2163	6.459852695465088
2164	6.48660945892334
2165	6.795661449432373
2166	6.742188453674316
2167	6.669887542724609
2168	6.634623050689697
2169	6.71331787109375
2170	7.2075605392456055
2171	7.012254238128662
2172	6.263737678527832
2173	6.222963333129883
2174	6.3951544761657715
2175	6.5509934425354
2176	6.070734977722168
2177	5.983719348907471
2178	6.233538627624512
2179	6.120288372039795
2180	6.337233066558838
2181	6.261279582977295
2182	6.150681972503662
2183	6.171619892120361
2184	6.0756988525390625
2185	6.043359756469727
2186	6.0375752449035645
2187	6.0034499168396
2188	5.800086498260498
2189	6.1774678230285645
2190	6.2152252197265625
2191	6.059619903564453
2192	6.030597686767578
2193	6.25915002822876
2194	6.136384963989258
2195	5.599940299987793
2196	5.817086219787598
2197	6.326680660247803
2198	6.20143461227417
2199	6.3609795570373535
2200	6.027059078216553
2201	5.807168006896973
2202	5.90935754776001
2203	6.036107540130615
2204	6.241349697113037
2205	6.043354511260986
2206	6.076554775238037
2207	6.086139678955078
2208	6.269201755523682
2209	6.581946849822998
2210	6.6191725730896
2211	6.40671968460083
2212	6.633989334106445
2213	6.076190948486328
2214	6.069473743438721
2215	6.569522857666016
2216	6.466189861297607
2217	6.489893436431885
2218	6.169521331787109
2219	6.108962059020996
2220	6.50908088684082
2221	6.847439289093018
2222	6.278804302215576
2223	6.318119525909424
2224	6.282427787780762
2225	6.612579822540283
2226	6.1932597160339355
2227	6.487008571624756
2228	6.115856647491455
2229	6.193748950958252
2230	6.1512908935546875
2231	6.7022833824157715
2232	6.6378068923950195
2233	6.369343280792236
2234	6.377285957336426
2235	6.141692638397217
2236	6.121346950531006
2237	6.089744567871094
2238	6.225188255310059
2239	6.205336570739746
2240	6.252964973449707
2241	6.311139106750488
2242	6.316770553588867
2243	6.300779342651367
2244	6.2829999923706055
2245	6.357957363128662
2246	6.414648056030273
2247	6.311371803283691
2248	7.819210529327393
2249	7.965161323547363
2250	8.776932716369629
2251	8.680635452270508
2252	8.65259075164795
2253	9.022153854370117
2254	8.638535499572754
2255	7.433567047119141
2256	8.604769706726074
2257	8.347980499267578
2258	8.114436149597168
2259	8.686761856079102
2260	8.73593521118164
2261	8.616897583007812
2262	7.8466668128967285
2263	8.392282485961914
2264	8.047994613647461
2265	9.565079689025879
2266	8.504266738891602
2267	8.837023735046387
2268	8.666440963745117
2269	8.374565124511719
2270	7.963180065155029
2271	8.185226440429688
2272	7.875662326812744
2273	7.645116806030273
2274	8.191512107849121
2275	7.7751898765563965
2276	8.068163871765137
2277	8.40782642364502
2278	7.527072906494141
2279	7.870006561279297
2280	7.574151039123535
2281	8.06541919708252
2282	7.940110206604004
2283	7.630558013916016
2284	7.979710578918457
2285	7.503428936004639
2286	8.061845779418945
2287	7.640052795410156
2288	7.690502166748047
2289	8.031706809997559
2290	8.345966339111328
2291	7.768612384796143
2292	7.654109001159668
2293	8.018500328063965
2294	7.587001800537109
2295	7.481873035430908
2296	8.099458694458008
2297	7.892027854919434
2298	7.896389007568359
2299	8.02015495300293
2300	7.7688140869140625
2301	8.338105201721191
2302	8.35622787475586
2303	8.235122680664062
2304	7.917540550231934
2305	8.278696060180664
2306	7.813198089599609
2307	7.792539596557617
2308	8.594326972961426
2309	7.967952728271484
2310	8.599594116210938
2311	8.29945182800293
2312	8.135780334472656
2313	8.236777305603027
2314	8.240185737609863
2315	7.849401950836182
2316	7.970931529998779
2317	8.452744483947754
2318	8.508002281188965
2319	7.930346965789795
2320	8.515731811523438
2321	7.918467044830322
2322	8.377094268798828
2323	8.883002281188965
2324	8.431995391845703
2325	8.874008178710938
2326	8.064081192016602
2327	7.895883560180664
2328	8.237772941589355
2329	8.34823226928711
2330	7.909451484680176
2331	8.19603443145752
2332	8.536564826965332
2333	8.346198081970215
2334	8.036824226379395
2335	7.885284423828125
2336	8.694596290588379
2337	8.15414810180664
2338	8.26038646697998
2339	8.186440467834473
2340	8.215222358703613
2341	7.919529438018799
2342	7.800058364868164
2343	7.800907611846924
2344	8.168242454528809
2345	7.722259521484375
2346	7.600717544555664
2347	8.186067581176758
2348	9.004743576049805
2349	8.113760948181152
2350	8.284955978393555
2351	8.1686372756958
2352	8.568111419677734
2353	8.218279838562012
2354	8.036970138549805
2355	8.390807151794434
2356	8.031450271606445
2357	8.28102970123291
2358	8.228282928466797
2359	8.356757164001465
2360	8.465561866760254
2361	8.438488960266113
2362	8.11742115020752
2363	8.097198486328125
2364	8.340031623840332
2365	7.904848575592041
2366	8.421737670898438
2367	8.29919147491455
2368	7.977705955505371
2369	8.187468528747559
2370	7.871705055236816
2371	8.4186372756958
2372	8.304879188537598
2373	8.214962005615234
2374	7.912148952484131
2375	8.052488327026367
2376	8.328831672668457
2377	8.523268699645996
2378	7.90186071395874
2379	7.995621681213379
2380	7.963741779327393
2381	8.223594665527344
2382	7.656279563903809
2383	8.056065559387207
2384	8.046074867248535
2385	8.038968086242676
2386	8.43138599395752
2387	8.06212043762207
2388	8.206616401672363
2389	7.457414627075195
2390	8.562830924987793
2391	8.220905303955078
2392	8.489251136779785
2393	8.3646240234375
2394	8.154131889343262
2395	8.143543243408203
2396	8.465754508972168
2397	8.487985610961914
2398	8.099760055541992
2399	8.15546703338623
2400	8.476139068603516
2401	7.716800212860107
2402	8.117424964904785
2403	8.123794555664062
2404	8.014756202697754
2405	7.865254878997803
2406	7.640282154083252
2407	7.653223037719727
2408	8.414283752441406
2409	8.698616027832031
2410	7.938040256500244
2411	7.674931049346924
2412	7.930939197540283
2413	8.08756160736084
2414	8.01187801361084
2415	8.01372241973877
2416	7.973738193511963
2417	8.51733112335205
2418	7.946430206298828
2419	8.49164867401123
2420	8.422466278076172
2421	7.951937675476074
2422	8.279376983642578
2423	8.394988059997559
2424	8.006753921508789
2425	8.175387382507324
2426	7.936731338500977
2427	8.02271842956543
2428	8.152459144592285
2429	7.816917419433594
2430	7.895545959472656
2431	8.305742263793945
2432	7.984044075012207
2433	7.96596097946167
2434	8.294235229492188
2435	8.278618812561035
2436	7.934370040893555
2437	8.163153648376465
2438	8.059062957763672
2439	8.189122200012207
2440	7.9812846183776855
2441	9.682257652282715
2442	9.304766654968262
2443	9.25105094909668
2444	9.653327941894531
2445	9.575573921203613
2446	9.476924896240234
2447	9.624185562133789
2448	9.699122428894043
2449	9.320488929748535
2450	9.935809135437012
2451	9.786133766174316
2452	9.977045059204102
2453	9.82275390625
2454	9.822526931762695
2455	9.81303882598877
2456	10.042309761047363
2457	10.688802719116211
2458	10.124655723571777
2459	9.738717079162598
2460	10.093281745910645
2461	9.385952949523926
2462	9.654497146606445
2463	9.307930946350098
2464	8.768362045288086
2465	8.597566604614258
2466	8.255463600158691
2467	8.510912895202637
2468	8.436452865600586
2469	8.469155311584473
2470	7.75136137008667
2471	7.676359176635742
2472	8.086691856384277
2473	8.372641563415527
2474	8.018040657043457
2475	8.013222694396973
2476	7.9952850341796875
2477	8.596238136291504
2478	8.481612205505371
2479	8.119269371032715
2480	8.290802001953125
2481	8.454069137573242
2482	8.555259704589844
2483	8.714092254638672
2484	8.419107437133789
2485	9.266287803649902
2486	8.604681015014648
2487	8.70351791381836
2488	8.146472930908203
2489	8.330697059631348
2490	8.522466659545898
2491	8.686487197875977
2492	8.100327491760254
2493	8.531384468078613
2494	8.246247291564941
2495	8.400134086608887
2496	8.135539054870605
2497	8.239642143249512
2498	7.792215347290039
2499	7.971202373504639
2500	8.052437782287598
2501	8.119418144226074
2502	7.949297904968262
2503	7.969405174255371
2504	8.470112800598145
2505	8.1646146774292
2506	8.266777038574219
2507	7.675279140472412
2508	7.946056842803955
2509	8.021132469177246
2510	7.723270893096924
2511	8.044937133789062
2512	7.752875328063965
2513	7.694263458251953
2514	7.499741554260254
2515	8.127006530761719
2516	8.110023498535156
2517	8.146642684936523
2518	7.400472640991211
2519	7.575700283050537
2520	7.875665187835693
2521	7.809031009674072
2522	7.311921119689941
2523	7.898831367492676
2524	7.665757179260254
2525	7.816396236419678
2526	8.423188209533691
2527	8.119636535644531
2528	7.803033828735352
2529	7.702594757080078
2530	7.665964126586914
2531	8.065650939941406
2532	7.728415012359619
2533	7.694534778594971
2534	8.252185821533203
2535	7.765259265899658
2536	7.980992794036865
2537	8.012800216674805
2538	7.560250759124756
2539	8.267012596130371
2540	7.614837646484375
2541	8.077140808105469
2542	7.6669535636901855
2543	7.995939254760742
2544	7.372143745422363
2545	8.151318550109863
2546	8.057669639587402
2547	7.83842658996582
2548	7.746672630310059
2549	7.809444427490234
2550	7.836564064025879
2551	7.856003284454346
2552	8.00778579711914
2553	7.635929107666016
2554	7.972441673278809
2555	8.062705039978027
2556	8.061797142028809
2557	7.850490570068359
2558	8.13160228729248
2559	7.913642406463623
2560	7.93237829208374
2561	7.743093013763428
2562	7.564398288726807
2563	8.162321090698242
2564	8.018285751342773
2565	8.010332107543945
2566	8.165136337280273
2567	8.22121524810791
2568	8.248957633972168
2569	8.202468872070312
2570	7.752659320831299
2571	7.9378342628479
2572	7.814575672149658
2573	8.094378471374512
2574	7.9360270500183105
2575	8.277995109558105
2576	8.078237533569336
2577	8.0900297164917
2578	8.026966094970703
2579	8.270072937011719
2580	8.301596641540527
2581	7.934546947479248
2582	7.757968425750732
2583	8.39955997467041
2584	8.16030502319336
2585	8.050677299499512
2586	8.287222862243652
2587	8.078723907470703
2588	8.331087112426758
2589	8.720776557922363
2590	8.442170143127441
2591	8.105708122253418
2592	8.720719337463379
2593	8.55432415008545
2594	8.130615234375
2595	8.357836723327637
2596	8.762614250183105
2597	7.7519426345825195
2598	8.037644386291504
2599	8.161227226257324
2600	8.12360954284668
2601	7.919328689575195
2602	7.821133136749268
2603	8.303126335144043
2604	8.04164981842041
2605	7.996768474578857
2606	8.034513473510742
2607	7.899811267852783
2608	8.046393394470215
2609	8.081215858459473
2610	7.971990585327148
2611	8.2813720703125
2612	8.273198127746582
2613	8.287288665771484
2614	8.163666725158691
2615	8.006052017211914
2616	8.297602653503418
2617	8.626495361328125
2618	7.985804557800293
2619	7.760482311248779
2620	8.269587516784668
2621	8.1351957321167
2622	8.407501220703125
2623	8.13339614868164
2624	7.8060994148254395
2625	8.093443870544434
2626	8.095213890075684
2627	8.28495979309082
2628	7.95653772354126
2629	8.145218849182129
2630	8.403158187866211
2631	8.124402046203613
2632	7.980657577514648
2633	7.935245037078857
2634	8.157832145690918
2635	8.102363586425781
2636	7.919702529907227
2637	7.925704479217529
2638	8.473921775817871
2639	8.259865760803223
2640	8.035508155822754
2641	7.7355170249938965
2642	8.422561645507812
2643	7.9725341796875
2644	8.012944221496582
2645	8.273755073547363
2646	8.206269264221191
2647	8.24421215057373
2648	8.073001861572266
2649	7.931815147399902
2650	8.124610900878906
2651	8.103835105895996
2652	8.151394844055176
2653	8.164352416992188
2654	7.917511463165283
2655	7.726454734802246
2656	7.970716953277588
2657	7.783478736877441
2658	7.761637210845947
2659	7.874527931213379
2660	8.133146286010742
2661	7.943052291870117
2662	8.11963176727295
2663	7.784759998321533
2664	8.415680885314941
2665	8.06892204284668
2666	7.887802600860596
2667	7.882445335388184
2668	8.251461029052734
2669	7.765469551086426
2670	7.672901153564453
2671	8.069290161132812
2672	7.786995887756348
2673	8.262040138244629
2674	8.015274047851562
2675	8.218865394592285
2676	7.983821868896484
2677	7.725857257843018
2678	7.959961414337158
2679	8.041753768920898
2680	8.545848846435547
2681	8.44508171081543
2682	7.794182300567627
2683	7.986599922180176
2684	8.586050987243652
2685	8.048856735229492
2686	8.190359115600586
2687	8.155496597290039
2688	8.218701362609863
2689	7.760541915893555
2690	8.02434253692627
2691	7.791702747344971
2692	8.059342384338379
2693	7.7957234382629395
2694	7.60831880569458
2695	7.831791400909424
2696	7.883640766143799
2697	7.659849643707275
2698	8.387673377990723
2699	8.279698371887207
2700	7.776313781738281
2701	8.211265563964844
2702	8.090763092041016
2703	7.9225263595581055
2704	8.523058891296387
2705	7.724545478820801
2706	7.307112693786621
2707	8.004666328430176
2708	8.207108497619629
2709	7.564370155334473
2710	7.11259651184082
2711	7.514200687408447
2712	8.433938026428223
2713	8.142273902893066
2714	8.175110816955566
2715	8.23311710357666
2716	7.679233074188232
2717	7.98935604095459
2718	8.329931259155273
2719	8.02450180053711
2720	8.065492630004883
2721	8.21652603149414
2722	8.202152252197266
2723	7.951410293579102
2724	7.852262496948242
2725	8.264435768127441
2726	7.990133285522461
2727	7.850776195526123
2728	7.6599860191345215
2729	7.746342182159424
2730	7.8701605796813965
2731	8.236973762512207
2732	8.232129096984863
2733	8.579906463623047
2734	8.184778213500977
2735	8.052267074584961
2736	8.971656799316406
2737	8.805120468139648
2738	8.897272109985352
2739	9.684642791748047
2740	9.23624038696289
2741	7.978196144104004
2742	8.441360473632812
2743	8.261122703552246
2744	8.319573402404785
2745	8.407289505004883
2746	7.962381839752197
2747	9.277400016784668
2748	8.395548820495605
2749	8.24105453491211
2750	7.60697603225708
2751	8.616680145263672
2752	8.340316772460938
2753	7.688546180725098
2754	8.144906997680664
2755	7.9518609046936035
2756	8.149847984313965
2757	7.834207534790039
2758	8.511996269226074
2759	8.199840545654297
2760	8.000781059265137
2761	7.294479846954346
2762	7.957674026489258
2763	8.413219451904297
2764	8.005928993225098
2765	8.029352188110352
2766	7.778620719909668
2767	8.129663467407227
2768	9.052190780639648
2769	7.8427629470825195
2770	7.745666027069092
2771	8.30759334564209
2772	7.889285087585449
2773	9.243218421936035
2774	8.660768508911133
2775	8.534296989440918
2776	8.17950439453125
2777	7.913900375366211
2778	8.24442195892334
2779	8.50440788269043
2780	8.167035102844238
2781	8.276095390319824
2782	9.5809907913208
2783	8.6491060256958
2784	8.855894088745117
2785	8.953643798828125
2786	8.976383209228516
2787	9.228577613830566
2788	8.664905548095703
2789	8.193572998046875
2790	8.712475776672363
2791	8.579893112182617
2792	8.838289260864258
2793	8.81036376953125
2794	9.402351379394531
2795	9.644173622131348
2796	9.974115371704102
2797	9.777900695800781
2798	9.698830604553223
2799	9.886122703552246
2800	9.027786254882812
2801	8.843192100524902
2802	9.37834644317627
2803	9.30817985534668
2804	9.468781471252441
2805	9.276647567749023
2806	8.483872413635254
2807	8.316166877746582
2808	8.210883140563965
2809	7.974672794342041
2810	8.168593406677246
2811	8.433161735534668
2812	8.100680351257324
2813	8.429287910461426
2814	8.140471458435059
2815	8.608865737915039
2816	8.775456428527832
2817	8.486960411071777
2818	9.014418601989746
2819	9.136189460754395
2820	8.466316223144531
2821	8.380759239196777
2822	8.745168685913086
2823	9.487329483032227
2824	9.208333015441895
2825	8.0853910446167
2826	8.008783340454102
2827	7.926448822021484
2828	8.05929946899414
2829	7.824800491333008
2830	7.934774398803711
2831	7.876941204071045
2832	7.645167827606201
2833	9.155753135681152
2834	7.997982501983643
2835	8.161307334899902
2836	7.960513114929199
2837	7.6382269859313965
2838	8.806753158569336
2839	8.513015747070312
2840	8.588907241821289
2841	9.263792991638184
2842	8.954333305358887
2843	9.383973121643066
2844	9.181056022644043
2845	8.722268104553223
2846	9.026680946350098
2847	8.864645004272461
2848	9.532322883605957
2849	8.423425674438477
2850	8.996099472045898
2851	8.835390090942383
2852	8.83545970916748
2853	8.750052452087402
2854	8.937433242797852
2855	9.118717193603516
2856	9.890213966369629
2857	8.949150085449219
2858	9.42381477355957
2859	8.605570793151855
2860	9.363846778869629
2861	10.476574897766113
2862	9.685229301452637
2863	8.874490737915039
2864	8.673407554626465
2865	8.690306663513184
2866	9.934855461120605
2867	9.052384376525879
2868	9.496870040893555
2869	9.2493314743042
2870	9.54356861114502
2871	8.981283187866211
2872	8.954449653625488
2873	9.386404037475586
2874	8.282469749450684
2875	9.391449928283691
2876	9.238036155700684
2877	8.91908073425293
2878	8.746679306030273
2879	8.633259773254395
2880	9.402708053588867
2881	9.25358772277832
2882	8.688339233398438
2883	8.657870292663574
2884	8.551901817321777
2885	8.510751724243164
2886	9.855816841125488
2887	10.204151153564453
2888	9.245959281921387
2889	9.038394927978516
2890	9.75121784210205
2891	9.554039001464844
2892	9.458354949951172
2893	9.356823921203613
2894	8.43588638305664
2895	9.408945083618164
2896	8.728469848632812
2897	9.859659194946289
2898	9.577447891235352
2899	9.721290588378906
2900	9.64281177520752
2901	10.136106491088867
2902	9.892449378967285
2903	11.310375213623047
2904	9.668303489685059
2905	10.834864616394043
2906	10.558777809143066
2907	10.609625816345215
2908	10.598306655883789
2909	10.212077140808105
2910	10.856152534484863
2911	10.407920837402344
2912	10.727429389953613
2913	10.114904403686523
2914	10.722105026245117
2915	10.281028747558594
2916	10.320311546325684
2917	10.012482643127441
2918	9.109794616699219
2919	9.239317893981934
2920	9.858591079711914
2921	9.358511924743652
2922	9.957406997680664
2923	10.609461784362793
2924	9.927728652954102
2925	10.379802703857422
2926	11.205448150634766
2927	10.267205238342285
2928	10.024521827697754
2929	10.274014472961426
2930	10.20328140258789
2931	8.847437858581543
2932	8.375205993652344
2933	8.418537139892578
2934	8.900527000427246
2935	7.850675106048584
2936	8.06425666809082
2937	7.309620380401611
2938	6.884212493896484
2939	7.3630194664001465
2940	7.3226752281188965
2941	7.590052604675293
2942	7.046726226806641
2943	7.536726951599121
2944	7.281497478485107
2945	7.835456848144531
2946	7.584149360656738
2947	7.316099643707275
2948	7.714252948760986
2949	7.729203701019287
2950	7.445424556732178
2951	7.275477886199951
2952	7.490722179412842
2953	7.59661340713501
2954	7.605771064758301
2955	7.370007038116455
2956	7.816783428192139
2957	7.258072853088379
2958	7.74094295501709
2959	7.198309898376465
2960	7.431483745574951
2961	7.078873157501221
2962	7.596058368682861
2963	7.075966835021973
2964	7.487670421600342
2965	7.777591705322266
2966	7.337594032287598
2967	7.090906620025635
2968	7.202949523925781
2969	7.055209636688232
2970	7.321840763092041
2971	7.111553192138672
2972	7.473812103271484
2973	7.551671981811523
2974	7.591632843017578
2975	7.634636402130127
2976	7.836548328399658
2977	8.195369720458984
2978	7.26349401473999
2979	7.29004430770874
2980	7.198390960693359
2981	7.34201192855835
2982	7.560032844543457
2983	7.676391124725342
2984	7.586523532867432
2985	7.954878807067871
2986	6.937392711639404
2987	7.0117950439453125
2988	7.731508255004883
2989	7.083365440368652
2990	7.436675548553467
2991	7.159067153930664
2992	6.758914947509766
2993	7.77749490737915
2994	7.648796081542969
2995	6.958953857421875
2996	6.787994384765625
2997	8.066389083862305
2998	8.075546264648438
2999	7.248247146606445
3000	7.046850204467773
3001	7.294078350067139
