1.79407	-0.29792
1.58927	-0.74236
1.93030	-1.47636
1.84194	-2.13506
1.66442	-1.85177
1.14284	-1.27781
1.12241	-1.16170
0.83027	-0.74395
0.70935	-1.36632
1.34086	-1.23513
1.00815	-0.94677
1.57108	-1.53729
0.73651	-1.51780
1.24929	-1.50542
1.70828	-1.55236
1.22951	-1.61586
1.22939	-1.39311
1.51707	-1.54412
1.64323	-1.55671
1.89726	-1.58128
2.15631	-1.41587
1.64455	-1.40515
1.21675	-1.72701
2.00987	-1.72501
2.03680	-1.46913
1.81597	-1.70140
2.03745	-1.44704
1.78131	-1.42560
1.37176	-1.59718
1.81400	-1.64655
1.89644	-1.69869
1.95254	-1.35157
1.49266	-1.45549
1.49946	-1.65182
1.34761	-1.41542
1.55186	-1.48644
1.63113	-1.59131
1.76352	-1.15648
1.77621	-1.35574
1.57352	-1.58322
1.83035	-1.57002
2.01162	-1.52339
1.93430	-1.79162
2.32568	-1.75651
2.02260	-1.59806
2.13129	-1.70982
1.83028	-1.40637
2.09179	-1.37726
1.94072	-1.40272
1.55831	-1.22214
2.16556	-1.02007
1.90555	-1.31721
1.94776	-0.90227
1.76903	-1.62395
1.53682	-0.92036
1.79588	-0.87361
1.66815	-1.62806
1.62373	-1.41609
2.04722	-1.44800
1.76371	-1.48093
1.50086	-0.71343
1.66311	-1.09199
1.79532	-1.14383
1.54832	-1.25162
1.71112	-1.07218
1.65189	-1.24663
1.84238	-1.41371
2.17988	-0.71830
1.62724	-1.09295
1.79974	-0.53240
1.76587	-1.05191
1.35753	-1.05398
1.24419	-0.91804
1.80900	-0.90344
1.71759	-0.84239
1.71558	-0.81365
1.41353	-1.26145
1.42702	-1.60206
1.87994	-1.22341
1.53086	-1.03017
1.26684	-0.79694
1.65476	-1.15179
1.48580	-0.71432
1.11632	-1.12719
1.64622	-1.07252
1.65151	-1.60003
1.85949	-1.76562
1.43211	-1.41724
1.58790	-1.85926
1.94037	-1.61528
1.89721	-1.46848
1.74271	-1.81598
1.88181	-1.52613
2.07370	-1.58936
1.73950	-1.86509
1.48893	-2.00865
1.95744	-1.40482
1.95139	-1.34527
2.13871	-2.03379
2.14282	-2.04532
2.23494	-1.73536
2.07003	-1.49170
2.27632	-1.67402
2.29997	-1.54581
2.02914	-1.84536
1.88875	-1.62335
2.00725	-1.68602
2.08996	-1.69038
1.42741	-1.81659
1.74164	-1.77977
1.59244	-1.87564
2.08937	-1.82963
1.75075	-1.48467
1.81144	-1.62493
2.23499	-1.21328
1.37142	-1.30509
1.57024	-1.37408
1.68495	-1.19007
1.93200	-1.38479
1.78225	-1.51311
1.98576	-1.65893
1.89975	-1.40646
1.68945	-1.33239
1.91247	-1.00322
1.31878	-1.25107
1.09858	-1.28091
1.58579	-1.39986
1.39608	-1.12260
1.23972	-1.39006
1.09678	-1.30060
1.11680	-1.08455
0.83814	-1.48816
0.65328	-1.15206
0.51243	-0.82635
0.53630	-0.94352
0.84035	-1.36553
0.88551	-1.08134
1.40705	-1.62659
1.53528	-1.38833
2.27588	-1.83522
1.77371	-2.00042
1.91162	-1.86536
1.99416	-1.43532
2.06618	-1.55350
2.20772	-1.65419
1.56425	-1.47717
1.38065	-1.95595
1.55142	-1.61157
1.45261	-1.31450
1.57722	-1.46907
1.60076	-1.43978
1.04166	-1.17060
0.51341	-1.31274
1.36506	-1.59032
1.05630	-1.19530
0.74604	-1.45193
0.73453	-1.76798
1.46287	-1.23195
1.68727	-1.17364
1.71683	-1.15696
1.81359	-1.07098
1.55915	-1.19433
1.46305	-1.22595
1.61010	-1.07062
1.53244	-0.89791
1.44824	-1.29512
1.50795	-1.28096
1.52363	-1.18737
1.75350	-1.16360
1.91649	-0.89480
1.54079	-1.39896
1.12360	-1.36082
0.83026	-1.46124
1.02904	-0.89496
0.63812	-1.22118
0.61909	-1.09943
0.81602	-1.17556
0.68231	-0.78948
0.66589	-0.89803
0.88551	-0.77756
1.07934	-1.06731
0.79068	-1.02378
1.04684	-1.23122
0.55086	-1.12830
0.69298	-0.82497
1.24317	-0.81595
0.84937	-1.42830
0.87843	-1.05054
1.30699	-1.20999
1.18671	-0.66379
0.66409	-0.57286
1.09296	-0.77458
0.66997	-0.95113
0.78094	-0.69739
0.50466	-1.26906
0.85890	-0.96466
0.72201	-0.85652
0.79718	-1.48727
1.06908	-1.63814
1.42350	-1.81992
0.90818	-1.52109
1.25188	-1.30656
1.31156	-1.37813
0.96221	-1.09418
0.88048	-0.72906
1.21296	-0.57755
0.92810	-1.35539
1.15958	-1.75683
1.53389	-1.17346
1.70698	-1.43507
1.57813	-1.12891
1.91435	-1.44569
1.46509	-1.21226
1.31459	-1.20454
1.79867	-1.23823
1.20301	-1.13416
1.03222	-0.83725
1.10370	-0.84372
0.86459	-0.90872
0.68972	-1.28162
0.64527	-1.07823
0.52265	-0.76086
0.62108	-1.28664
0.26915	-1.28082
-0.00264	-1.55035
0.07512	-1.29192
0.37316	-1.82909
0.05914	-1.74419
0.41975	-1.14811
0.63300	-1.59915
0.68769	-1.09632
0.57255	-1.50086
0.98435	-1.06301
0.96391	-1.08150
0.52147	-1.26731
0.70513	-1.13467
0.35860	-1.56246
0.20711	-1.87647
0.86750	-1.70119
1.08748	-1.79421
0.68213	-1.94255
0.84275	-1.46795
0.83525	-1.00546
0.74967	-1.11072
0.43939	-1.23361
-0.00264	-1.37720
0.47917	-1.16194
0.03199	-1.20339
0.09182	-1.62594
0.57049	-1.51099
0.27536	-1.60304
0.47035	-1.42418
0.62917	-1.47925
0.26903	-1.25743
0.35722	-1.04387
0.24901	-1.09797
0.73569	-1.08388
0.77911	-1.36013
1.27858	-1.12320
1.12762	-1.25655
0.81409	-1.63900
0.59727	-1.53038
0.24952	-1.32491
0.69417	-1.33689
1.02671	-1.09584
1.10689	-1.48749
1.02571	-0.99914
0.95590	-1.23605
0.96740	-1.34792
0.11041	-1.62904
0.59407	-1.46397
0.24694	-1.23376
0.33652	-1.19338
0.41226	-1.31703
0.48785	-1.30600
0.69753	-1.23482
1.05389	-0.87815
1.27793	-1.06952
1.13331	-1.10339
0.87065	-1.37634
0.82364	-1.38441
0.70595	-1.16841
0.76326	-1.76951
0.58945	-1.28466
1.13764	-1.15337
0.75065	-1.66861
0.57202	-1.83737
0.77631	-1.27619
0.26282	-1.61252
0.54437	-1.45630
0.64736	-1.57832
0.77297	-1.33478
0.62611	-1.82111
1.45114	-1.53817
1.04997	-1.78711
1.08122	-1.56317
1.04776	-1.56777
0.65237	-1.45360
0.93725	-1.50289
0.87890	-1.31828
0.81039	-1.43316
0.49815	-1.39454
0.40973	-1.72489
0.95628	-1.20276
0.47494	-1.06004
0.56919	-1.72205
0.29409	-1.74584
1.04847	-1.34865
1.08691	-1.57397
1.15884	-1.33952
1.10924	-1.76622
0.77265	-1.31439
1.39218	-0.99834
1.61004	-0.61045
1.22984	-1.33127
0.86667	-1.59904
0.57078	-1.38173
0.54564	-1.40588
0.89815	-1.65369
1.01251	-1.28777
0.86801	-1.39419
1.10940	-1.68254
0.93797	-1.76439
1.07288	-1.46359
1.45233	-0.95271
0.84270	-1.49822
0.89842	-1.55414
1.30206	-1.57569
0.66668	-1.57101
0.65087	-1.78167
0.81981	-1.65395
0.23893	-1.44665
0.53565	-1.56649
0.82077	-1.63374
0.11364	-2.06991
0.60249	-1.80677
0.75121	-1.59295
0.88821	-1.88325
0.48372	-1.31925
0.94435	-1.63606
0.72753	-1.29923
0.86381	-1.41580
1.03975	-1.39801
1.01858	-1.08611
0.61561	-1.58333
1.14437	-1.20041
0.86256	-1.56590
0.62558	-1.53287
0.25194	-1.58847
0.37297	-1.35330
0.66098	-1.68072
0.48199	-1.34454
0.56111	-1.40918
0.30996	-1.60202
1.39922	-1.51208
0.11659	-1.91450
-0.35706	-1.72333
-0.21715	-1.31695
-0.01537	-1.75894
-0.07617	-1.62932
-0.22005	-1.63592
0.25039	-1.39281
0.94152	-1.15514
0.86683	-1.82642
0.86854	-1.65281
0.92458	-1.70599
1.39882	-1.48120
1.35446	-1.12848
1.28159	-1.42809
0.72933	-1.53595
1.10546	-1.21173
0.85482	-1.54071
1.12290	-1.34991
1.32329	-1.40764
1.07207	-1.15032
0.92314	-1.31414
0.92695	-1.47580
1.18072	-1.37306
1.01173	-1.45101
1.08313	-1.42894
1.38030	-1.38967
1.46015	-1.59402
1.19916	-1.49387
1.09754	-1.12378
1.37793	-1.19238
1.43146	-1.86381
1.07462	-1.44996
1.34361	-1.40491
1.44343	-1.41888
1.38281	-1.09636
0.91678	-1.48622
1.25413	-1.79653
0.85068	-1.65849
1.50339	-0.85807
1.36271	-0.88173
0.65271	-0.88125
0.89491	-0.98850
0.87881	-1.55483
0.38161	-1.19421
0.73281	-0.75659
0.86117	-1.09790
0.54323	-1.23589
1.04670	-1.08928
1.04973	-1.21085
0.26579	-1.64679
0.19224	-1.20254
0.28970	-1.12248
0.08819	-1.36609
0.41155	-1.74719
0.64689	-1.49041
0.02367	-1.56893
-0.29852	-1.44729
-0.58189	-1.40559
-0.32015	-1.35132
-0.11678	-1.48363
0.37001	-0.98357
0.64249	-1.05017
0.64015	-0.83758
0.42149	-0.95581
0.68990	-0.95610
0.51766	-0.83423
0.76705	-1.04471
0.52353	-0.88755
0.90081	-0.94154
0.86656	-0.87467
0.47422	-1.04812
0.72986	-0.92476
0.87571	-0.37999
0.73221	-0.93239
0.70506	-0.79166
0.88966	-1.06862
0.13445	-1.12137
0.41260	-1.27014
0.77303	-0.79659
0.41320	-0.95584
0.83981	-1.21177
0.63674	-1.27816
0.42316	-1.11576
0.57424	-1.07359
0.22509	-0.64291
1.17273	-0.80612
1.15421	-0.74160
1.09596	-0.65632
1.44546	-0.28259
1.38125	-0.54669
0.87078	-0.86454
1.15341	-0.68882
1.31548	-1.15216
0.89373	-0.88639
1.20312	-1.04621
1.51155	-0.75593
1.41594	-0.65965
1.61270	-0.61683
1.07854	-1.02095
0.73707	-1.06626
1.28063	-0.40127
1.61030	-0.25840
2.03404	-0.48084
1.65276	-0.66667
1.52456	-0.66916
0.93667	-0.64771
1.18390	-0.49828
1.56666	-0.42447
0.96708	-0.86717
1.38093	-0.76125
1.71227	-0.34459
1.31599	-0.74472
1.46327	-0.79109
1.44485	-1.12115
1.20687	-0.92651
0.65437	-1.12634
0.87185	-1.15546
1.28180	-0.89241
1.48668	-0.85787
1.09036	-1.47060
0.86668	-1.39309
1.40490	-0.90004
0.96724	-0.60860
1.18525	-0.57988
1.64489	-0.03736
1.13749	-0.32695
1.06551	-0.67786
0.50169	-0.44432
0.50997	-1.14047
0.78265	-1.22991
0.61844	-1.19781
0.26124	-1.30350
0.60874	-0.87473
0.87883	-0.48641
1.17793	-0.88845
1.34815	-0.14617
0.99733	-0.72462
0.64866	-0.84854
0.51691	-0.61610
0.52690	-0.82554
1.05983	-0.70058
0.78046	-0.87243
1.22119	-0.34427
1.27497	-1.08811
0.85524	-0.85330
0.79191	-0.43570
0.96941	-0.76035
0.88074	-0.89248
0.76283	-0.39773
1.10833	-0.59136
0.74409	-1.04197
0.58830	-1.13450
0.66505	-0.80950
0.47243	-0.93886
0.62937	-0.59171
0.62867	-0.50639
0.47894	-0.67972
1.07074	-0.68099
0.49820	-0.83364
0.67906	-0.98424
0.98594	-0.71038
0.83919	-0.88936
0.66753	-1.02298
0.50872	-0.87398
1.09494	-0.42698
0.80699	-0.43711
0.65088	-0.27448
1.38385	-0.21811
1.29089	-0.32939
1.03384	-0.28026
0.94004	-0.66152
0.57142	-0.73221
1.36426	-0.26714
0.83110	-0.64169
0.94716	-0.53570
0.38332	-0.55321
0.68604	-0.66501
0.79924	-0.64792
0.35228	-0.57219
0.78063	0.01040
0.81709	-0.03364
1.14448	-0.26182
0.91755	-0.32601
1.08514	0.30739
0.76773	0.10391
0.55400	-0.58434
0.30669	-0.39732
0.27235	-0.19623
0.80227	0.08275
0.81797	0.25833
0.44060	0.10498
0.23770	-0.04648
0.09189	0.05926
0.48060	0.02286
0.85278	0.13146
0.83968	0.07376
0.62329	-0.23443
0.26522	-0.27888
0.26099	-0.62643
0.10523	-0.75701
0.36281	-0.07933
0.32155	-0.40940
0.76532	0.12183
0.26702	-0.57253
0.28399	-0.13132
0.04096	-0.57882
-0.26085	-0.19442
-0.41836	-0.59822
0.13795	-0.50390
0.06556	-0.07107
-0.07899	-0.17269
-0.06606	-0.94029
-0.86684	-0.70517
0.08794	-0.71161
-0.01817	-0.61446
0.15423	-0.63802
-0.26848	-0.90608
0.07953	-0.61241
0.04185	-0.50410
-0.15408	-0.59234
0.08890	-0.99200
-0.60317	-0.89630
-0.09282	-1.27736
-0.47692	-1.12114
-0.66906	-0.90783
-0.36469	-1.04978
-0.55417	-1.17284
-0.74743	-1.15375
-0.48675	-1.06114
-0.22375	-0.75992
-0.28742	-1.47561
-0.26381	-1.35455
0.10695	-1.02769
0.11578	-1.37464
0.01763	-1.57378
-0.25879	-1.20877
-0.28442	-1.43338
-0.19387	-1.55967
-0.21394	-1.23906
-0.84329	-1.13904
-0.85068	-1.52145
-0.80434	-1.25548
-0.67681	-1.06005
-0.41294	-1.02884
-0.84684	-1.04175
-0.67686	-1.34140
-0.36221	-1.08770
-0.51145	-0.80280
-0.82690	-0.90018
-0.55612	-0.29931
-0.84822	-0.50892
-0.86309	-0.72727
-0.70037	-0.39093
-0.65154	-0.54868
-0.73768	-0.96534
-0.78382	-0.52650
-0.81386	-0.74389
-0.67852	-0.82834
-0.41046	-0.54280
-0.41669	-0.39657
-0.23943	-0.55438
-0.41882	-0.72533
-0.41535	-0.41836
-0.23695	-0.49336
-0.16932	-0.70957
-0.23615	-0.45212
-0.34213	-0.83046
-0.53102	-0.78156
-0.37849	-0.90266
-0.53729	-0.78678
-0.39928	-0.66597
-0.31011	-0.51399
-0.53187	-0.61526
-0.32318	-0.10143
-0.21638	-0.44250
-0.78794	-1.11353
-0.51325	-0.90563
-0.37887	-0.69656
-0.36384	-0.40866
-0.38385	-1.05609
-0.72199	-0.51241
-0.87992	-0.93725
-0.41595	-0.35744
-0.43187	-0.32746
-0.26184	-0.30218
-0.22111	-0.27632
-0.38853	-0.36777
-0.13391	-0.39059
-0.27108	-0.96446
-0.28386	-0.54801
-0.41119	-0.59029
-0.39045	-0.02640
-0.04749	-0.39472
-0.15455	-0.22862
-0.38684	-0.23605
0.30400	0.01133
-0.12112	-0.17016
-0.01608	-0.22110
0.03619	-0.24041
0.38574	-0.16424
0.18450	-0.12892
0.20058	-0.28969
0.16384	-0.15654
-0.08352	-0.39819
0.30812	0.05724
0.34550	0.05339
0.11979	-0.23420
0.57418	-0.03932
-0.00547	-0.64787
0.11036	-0.57860
-0.20551	-0.88078
0.13609	-0.80460
-0.03760	-0.13438
-0.75238	-0.37572
-0.37019	-0.27768
-1.02914	-0.62932
-0.70363	-0.71580
-0.77904	-0.84162
-0.42359	-0.36496
-0.08837	-0.41158
-0.43551	-0.01887
-0.47239	-0.32049
-0.64908	-0.37865
-0.65886	-0.77609
-0.45910	-0.66224
-0.78125	-1.37519
-1.31977	-0.86098
-0.84734	-0.75286
-0.84665	-0.96382
-0.27408	-0.57927
-0.17560	-0.71901
0.15790	-0.62922
-0.61292	-0.55133
-0.36131	-0.27795
-0.24993	0.14846
-0.05504	0.06502
0.00175	-0.45066
-0.11189	-0.07663
-0.17188	-0.54787
0.03066	-0.20828
-0.00581	-0.31780
0.40798	-0.30244
-0.01526	-0.45356
-0.09144	0.07531
-0.14421	-0.45780
-0.19667	-0.65897
-0.22406	-0.58087
0.13528	-0.70000
0.03977	-0.52496
-0.11799	-0.30920
-0.29290	-0.67172
-0.21737	-0.38584
-0.16977	-0.63405
0.05183	-0.98755
-0.05465	-0.43495
-0.06016	-0.84346
-0.02570	-0.57006
-0.06172	-0.89428
0.06163	-1.17411
0.46729	-0.48599
-0.09908	-0.65410
0.17002	-0.69059
0.25562	-0.69314
-0.07438	-0.61844
-0.17992	-0.50257
-0.02797	-0.66282
0.00873	-0.21570
-0.35063	-0.54087
-0.12773	-0.83788
-0.23198	-0.65055
0.18767	-0.60505
-0.14247	-0.94016
-0.12579	-0.60365
-0.42257	-0.59552
-0.67464	-0.39596
0.03682	-0.09646
-0.20393	-0.49324
-0.01608	-0.18377
0.13929	-0.52780
-0.03957	-0.36133
0.04195	-0.43828
0.04194	-0.33648
0.17739	-0.09103
-0.22162	-0.25849
-0.12687	-0.31347
-0.11691	-0.38240
-0.39516	-0.49475
-0.55520	-0.36071
-0.12379	-0.51040
0.20866	-0.45875
-0.10339	-0.65672
0.50860	-0.37122
0.58015	-0.14637
0.08012	-0.38194
0.14347	-0.35203
0.13499	-0.75454
0.03751	-0.55544
-0.29984	-0.46133
0.05097	-0.41883
0.33364	-0.28235
0.33807	-0.26797
-0.27911	-0.20429
-0.29376	-0.64153
-0.39527	-0.76750
-0.11668	-0.68151
0.02947	-0.48641
-0.32793	-0.58990
0.20598	-0.27057
0.19278	-0.47575
-0.13385	-0.21570
0.06578	-0.53206
-0.17323	-0.66563
-0.10707	-0.51595
-0.13155	-0.04979
0.08931	-0.27562
0.21592	-0.36821
-0.11826	-0.47598
-0.04509	-0.23766
-0.09867	-0.37404
0.02506	-0.29079
0.26327	0.00834
0.14451	-0.48446
0.17056	-0.06057
-0.12146	-0.29935
-0.25034	-0.60621
-0.22508	-0.69746
-0.53511	-0.53605
-0.01024	-0.39038
-0.17481	-0.36265
0.18041	-0.43123
-0.07687	-0.70761
0.30477	-0.77972
0.26174	-0.66690
-0.31043	-0.65694
-0.52389	-0.80555
-0.50286	-0.94856
-0.21310	-0.83748
-0.49714	-0.42986
-0.30196	-0.86020
-0.10899	-1.08141
-0.56072	-1.10151
-0.32506	-1.01257
-0.22222	-0.64923
-0.21085	-0.68358
0.09256	-0.33765
0.04220	-0.21814
-0.26769	-0.23829
-1.17691	-1.04049
-0.52691	-0.97335
-0.31487	-0.38423
-0.40855	-0.55961
-0.10652	-0.82202
-0.17362	-0.69050
-0.45755	-0.50639
-0.81893	-0.41182
-0.47612	-0.70520
-0.06362	-0.59991
-0.20548	-0.69166
0.06654	-0.81277
0.28438	-0.31618
-0.01324	-0.32569
0.08734	-0.25969
-0.02003	-0.26536
-0.30531	-0.42196
-0.23429	-0.51771
0.03696	-0.78381
-0.13238	-0.41855
-0.21566	-0.39533
0.00424	-1.02996
0.19289	-0.41842
0.09974	-0.43381
0.08641	-0.20137
0.19595	-0.03596
-0.46651	-0.49876
-0.10863	-0.63569
-0.85431	-0.22733
-0.08136	-0.00522
-0.31003	-0.35227
-0.40657	-0.62277
-0.10115	-0.24270
0.03081	-0.15612
-0.15433	-0.55039
-0.18421	-0.41633
-0.41440	-0.12752
-0.14943	-0.33713
-0.19038	-0.80913
-0.12437	-0.26365
-0.60665	-0.63931
-0.37508	-0.54303
-0.57635	-0.71284
-0.30379	-0.80925
-0.40473	-0.68671
-0.00653	-0.47085
-0.40498	-0.46552
-0.60388	-0.40984
-0.67292	-0.43168
-0.73199	-0.55071
-0.83287	-0.18245
-0.73412	-0.52170
-0.35411	-0.25985
-0.07633	-0.02598
-0.29551	-0.33577
-0.24538	-0.15430
-0.33775	-0.04259
-0.36403	-0.17529
-0.12300	-0.06195
-0.57801	0.14919
-0.62577	-0.25584
-0.26515	-0.01698
-0.26100	-0.00801
-0.36606	0.03990
-0.04535	-0.05493
-0.19287	0.22416
-0.12968	-0.27323
-0.49325	-0.49125
0.14733	0.03532
0.09673	-0.09181
-0.54116	-0.10647
-0.30322	-0.20211
0.00215	-0.11479
-0.37913	-0.66986
-0.30425	-0.44892
-0.43704	-0.81531
-0.32919	-0.63742
-0.06161	-0.07265
-0.32532	-0.18851
-0.82744	-0.49656
-0.75818	-0.34252
-0.35029	-0.39178
-0.35447	-0.61112
-0.48428	-0.60709
-0.29925	-0.47546
-0.28398	-0.27001
0.02375	-0.28615
0.02288	-0.16053
-0.36078	-0.46953
-0.15260	-0.02168
-0.29196	-0.68015
-0.46655	-0.42568
-0.55069	-0.44925
-0.53212	-0.81420
-0.47303	-0.28003
-0.14455	-0.32802
-0.46311	-0.24135
-0.76771	-1.00537
-0.13133	-0.63114
-0.12010	-0.69111
-0.35252	-0.58877
-0.06761	-0.57235
-0.48285	-0.63614
-0.42914	-0.11436
-0.71818	-0.79565
-0.90206	-0.75869
-0.21935	-0.27745
-0.47543	-0.56532
-0.61701	-0.32841
-0.35274	-0.69347
0.08339	-0.27561
-0.04083	-0.67040
-0.06006	-0.26152
-0.12618	-0.39821
-0.06277	-0.44901
-0.21787	-0.65053
-0.08974	-0.64481
-0.38424	-0.60583
-0.19977	-0.71533
-0.32527	-0.65266
-0.40215	-0.64109
-0.26224	-0.51953
-0.30607	-0.76736
-0.89170	-0.90211
-0.49112	-0.71745
-0.49536	-0.40286
-0.71007	-0.68364
-0.33108	-0.72283
-0.50137	-1.11224
-0.53930	-0.86014
-0.58395	-0.68104
-0.50043	-0.53340
-0.45104	-0.96756
-0.23817	-0.51485
-0.17554	-0.51112
-0.25477	-0.65053
-0.42264	-0.34429
-0.34234	-0.49212
-0.57409	-0.76829
-0.29825	-0.38627
-0.28212	-0.80577
-0.54239	-0.42604
-0.23793	-0.35516
-0.63960	-0.52328
-0.59461	-0.40512
-0.54444	-0.48789
-0.58588	-0.68412
-0.91735	-0.89106
-0.91216	-0.57493
-0.50394	-0.71635
-0.26916	-0.67050
0.06681	-0.58274
-0.27085	-0.87327
-0.58989	-0.99040
-0.19378	-1.10393
-0.34957	-0.38500
0.03668	-0.18135
-0.44614	-0.66436
-0.42672	-0.32111
-0.68332	-0.32869
-0.18612	-0.83374
-0.54386	-0.94782
-0.29447	-0.58144
0.02136	-0.72053
0.05809	-0.19167
-0.38575	-0.73272
-0.35538	-0.72340
0.11917	-0.46027
-0.33871	-1.04493
-0.20431	-0.72636
-0.29629	-0.55948
-0.25479	-0.28983
0.05728	0.08130
-0.13854	-0.44216
-0.33695	-0.56086
0.03608	-0.23333
-0.33810	-0.22176
-0.41026	-0.48835
-0.04930	-0.35754
-0.51578	-0.40709
0.25873	-0.46692
-0.31860	-0.52235
-0.33429	-0.64849
-0.57499	-0.60975
-0.52408	-0.85152
-0.86397	-0.71904
-0.59494	-0.90971
-0.67232	-0.74917
-0.46981	-0.96768
-0.41107	-0.97589
-0.20196	-1.36334
0.02541	-0.72010
-0.36352	-1.47230
-0.49426	-1.24939
-0.98046	-0.74680
-0.41714	-0.73535
-0.66026	-0.76479
-0.79120	-1.07805
-0.78144	-1.18952
1.08670	-0.84288
1.08183	-0.46243
0.62617	-0.70731
0.74791	-1.00046
0.12123	-1.31183
0.13741	-0.57940
0.59145	-0.79979
0.26219	-0.94942
0.63653	-0.73745
0.85171	-0.89689
0.44758	-0.49753
0.46457	-0.75600
-0.22566	-1.08459
0.76824	-0.57671
0.60800	-0.24948
0.97051	-0.13955
1.13809	-0.23609
1.35026	-0.18556
0.94080	0.10330
0.90929	-0.12296
0.24384	0.26144
0.18476	0.47397
-0.05939	0.96671
-0.08588	0.29410
-0.00649	0.28152
0.79497	0.07285
0.90724	0.56965
1.02105	0.51381
0.94688	0.36527
1.45302	0.51548
1.18336	0.88099
0.58173	0.39284
0.79725	0.57489
0.90028	0.88329
1.44169	1.31380
1.62958	0.97714
1.44455	0.96677
1.60420	1.21596
1.23870	1.06230
0.96416	0.62953
1.53018	1.02477
1.23962	1.37551
1.64058	0.89721
1.35316	0.73589
1.29015	1.31349
1.56543	1.37533
0.87987	0.98028
1.33759	0.84565
0.51584	0.84029
1.22253	0.60366
1.49774	1.03181
1.13245	1.11421
1.48755	1.43948
1.83753	1.37329
1.55293	0.71320
1.09902	0.19532
1.16933	0.92334
0.98853	0.71372
1.02619	0.81873
0.65120	1.00125
1.70391	0.76749
1.66127	0.86286
1.44757	1.45178
1.13752	0.96115
1.39722	0.79205
1.18793	0.72471
1.08456	0.60403
0.70891	0.42552
0.89916	0.50312
1.07853	0.86278
0.61416	0.61843
0.93337	0.03523
1.13668	0.19128
0.92176	0.08247
0.70012	0.12968
0.64358	0.22012
1.15339	0.41950
0.78517	0.71507
1.22523	1.28666
1.06285	0.79180
1.24054	0.67296
1.07047	0.91333
1.53569	0.99787
1.06023	0.63287
1.59964	0.67408
1.20970	0.74816
1.02382	0.81464
1.20338	1.09932
0.99797	0.97152
1.31527	0.87467
1.34622	0.99242
0.96353	0.79886
1.00940	1.13880
0.85343	0.74390
0.84724	1.05859
1.28359	1.01583
1.19645	0.67969
1.39669	1.15468
1.91767	1.31216
1.33860	1.12340
1.07397	1.03193
1.23845	0.48419
1.02016	1.05892
1.02925	0.92602
1.22285	0.80525
1.62004	1.04503
1.22134	1.07773
1.09327	0.74066
1.35174	1.23023
1.28468	0.80146
1.10867	0.80004
0.64686	0.83626
0.76089	0.37344
0.48722	0.17523
0.60284	0.55829
1.27152	0.59945
0.54387	0.13902
0.56595	-0.15284
0.74456	0.18247
1.08637	0.48835
0.88096	0.05205
0.90181	0.77763
1.12450	0.56756
0.76564	0.53536
1.09007	0.49819
0.61124	0.18554
0.68103	-0.13407
1.08043	0.24152
1.12535	0.11267
1.31072	0.82489
0.93540	0.48505
1.18210	1.27418
0.62089	0.70353
1.30874	0.50143
1.18756	0.55016
1.43197	0.49084
0.50530	1.02283
0.88705	0.74654
1.05653	0.42927
0.75266	0.94631
0.59719	0.51760
1.52974	0.91770
1.45609	1.37120
1.25196	0.82797
1.47962	0.74171
1.09156	0.50836
1.78615	0.63603
1.43936	0.63147
1.11737	0.42007
1.64603	1.04758
1.17504	0.79724
0.69059	0.79008
1.14719	0.25478
1.37314	1.20315
0.76981	1.00305
1.26114	1.26881
1.07566	0.95417
1.43231	0.72022
1.26716	0.66064
0.89502	0.25053
1.05369	0.55220
1.15147	0.50087
1.19138	0.31746
1.01616	0.82176
0.59973	1.08317
1.07427	0.81498
1.35294	0.96643
1.06628	0.94294
0.95529	0.98587
1.69887	1.06834
1.26063	1.06960
1.42183	1.03082
1.38593	1.43867
1.01495	0.93593
0.88801	0.66609
1.29247	0.68376
0.89131	0.83208
1.64749	1.34767
0.90630	1.03978
0.73619	1.15071
0.63954	0.72942
0.46542	1.07263
0.82268	0.77234
0.91282	0.94111
0.66637	0.80883
0.35376	1.09261
0.44989	1.29730
1.16837	0.88535
1.27849	0.75990
1.50687	1.14219
1.45194	1.09388
1.42037	1.32261
0.64580	0.80248
0.78331	0.79235
1.15689	0.80545
0.77795	0.86967
0.63746	0.63452
1.14106	1.15937
1.01065	0.95000
1.58873	1.21657
1.65409	0.86841
1.05484	1.10864
0.35045	1.16331
0.96479	0.91469
0.91648	0.97542
1.17253	0.98936
1.65137	1.03400
1.54331	1.19389
0.97342	0.46332
1.37966	0.91605
1.42952	0.60460
1.11627	0.18845
0.66994	0.61916
1.04907	0.07363
1.21314	0.50176
0.97622	-0.03084
1.69469	0.65839
1.29480	0.89662
1.13216	0.44155
1.42698	0.65755
1.75161	1.14219
1.55185	0.92155
1.37452	1.07596
1.38940	1.17510
1.63576	1.00331
1.09966	0.90249
1.10171	0.88282
0.88915	0.99748
1.34681	0.71309
1.38140	1.17655
1.61975	0.94736
1.41018	0.62720
1.60465	0.96482
1.45431	0.93567
1.29949	0.40022
1.45133	0.46705
1.11631	0.82172
0.78260	0.80121
1.42313	0.63702
1.30779	0.88324
2.02960	0.75569
1.85507	0.39434
1.89303	0.61982
1.72510	0.35753
1.29587	0.53736
1.30333	0.88627
1.19527	0.64145
1.46596	0.73800
1.13526	0.66808
1.20899	0.75541
1.30652	0.77228
0.95822	0.30380
1.37376	0.75819
1.70093	0.84566
1.07933	0.52987
1.65998	0.63035
1.10681	0.83451
1.13592	0.67229
1.75018	0.99498
0.92116	0.70565
1.24371	1.01477
1.52266	1.16600
1.67984	1.02175
1.34449	0.81584
1.02693	0.79614
0.48939	0.74719
1.23833	1.09980
1.98956	0.94995
1.49643	1.20502
1.43642	1.23233
2.05166	1.46879
1.60156	1.09374
1.61509	1.23814
1.52793	0.92408
1.09502	0.71518
0.40881	0.56559
0.98214	0.72283
0.80355	0.44093
0.64400	0.42618
0.99200	0.37345
0.48196	0.46490
0.66389	0.62635
0.90927	0.81815
0.63925	0.12652
0.59116	0.22299
1.23933	0.58211
0.99608	0.47478
1.20754	0.71097
1.27960	0.83956
1.36125	0.58521
1.21137	0.85349
1.01114	1.07872
0.71152	1.08939
0.78596	0.87274
1.30652	0.51378
1.03067	0.84039
1.42949	0.57569
0.77748	0.36227
1.13973	0.90757
1.64784	0.80471
1.57274	1.17415
1.55415	0.48695
1.29462	0.76881
0.85278	0.62817
0.90522	0.20619
0.31074	0.43683
0.89978	0.55302
0.72211	0.88679
0.94355	0.76703
1.52728	0.97366
1.58172	0.25538
1.38493	1.11489
1.72400	0.81885
1.46123	1.16137
1.78923	1.25243
1.43181	0.97156
1.34174	1.46710
1.12837	0.97376
1.38163	0.98207
1.02533	1.03766
0.91847	0.63329
0.27065	0.76080
0.89505	0.71266
1.00327	0.80405
0.60569	0.75952
0.06569	-0.12504
0.73103	0.26917
1.06589	0.82377
1.27077	0.66567
1.04982	0.97350
1.28614	0.79436
0.76864	0.54563
0.32752	0.77050
1.04152	1.00967
0.82941	0.66596
1.02733	0.75939
0.41591	0.61241
1.02908	1.07341
0.95660	1.00639
1.42415	0.79978
0.63560	0.57900
1.35185	0.55118
0.67012	1.21896
1.16672	1.26172
1.69163	1.34497
1.99232	1.35658
1.70857	1.62063
1.45476	1.46852
1.03047	1.35682
1.58772	1.57502
1.62713	1.38370
1.61623	1.25261
0.98220	0.92473
1.30577	1.16197
1.55045	1.19182
1.20129	1.26179
1.58706	1.58312
1.72277	1.48742
1.29180	1.50920
1.54683	1.21638
1.30514	1.31858
1.73125	1.80916
1.18014	1.19103
0.96359	1.77332
1.30107	1.22903
1.32572	0.80158
1.50099	0.88740
1.21070	1.04342
1.07632	1.03833
0.56046	0.61826
1.14223	0.76032
0.98770	0.58646
1.11835	1.09988
1.36253	1.06389
1.56713	1.13619
1.77719	0.75771
1.64948	1.09567
1.80929	1.12798
1.49178	0.59347
2.06976	0.88072
1.62303	0.55466
1.26456	1.05155
1.07696	0.51758
1.80620	0.80791
1.83969	0.62302
1.70394	0.67482
1.70625	1.07583
1.05829	0.85497
0.76433	0.26920
0.78033	0.61749
0.89773	0.58191
0.26501	0.72457
0.64645	0.29515
0.94077	0.42350
1.71627	0.75853
1.24527	0.83037
1.01049	1.04483
1.05416	0.40517
1.26394	0.85661
1.82106	0.68203
1.49331	0.44123
0.70200	0.09426
1.28038	0.87014
1.57218	0.68677
1.33585	0.67066
1.24021	0.63699
1.50002	0.88174
1.37938	0.57571
1.65159	0.46280
1.38227	0.87169
1.10394	0.55587
1.33387	0.84320
1.61371	0.86439
1.54915	1.05213
1.34956	0.49533
1.37667	0.46742
1.90690	0.29645
1.21663	0.27198
1.15045	0.81575
1.64704	0.87156
1.66233	0.59796
1.32844	0.35919
1.15921	0.27957
1.94321	0.44403
1.92126	0.65070
1.47140	0.87519
2.32667	0.98522
1.55630	0.45216
1.41472	0.45165
1.67091	0.64094
1.19449	0.59938
1.52067	0.37223
0.75667	0.31476
1.09648	0.44943
1.17892	0.02306
1.20424	0.46240
1.16726	0.48737
0.98783	0.52113
0.77500	0.60383
1.44230	0.50034
1.15221	0.54154
1.06553	0.27946
0.92131	0.23276
1.31989	0.79470
1.34555	0.22123
0.76621	0.67668
1.23698	0.47932
1.17249	0.71414
1.46635	0.46619
1.27463	0.85355
1.53283	1.01505
1.83813	0.91353
1.43730	1.12401
1.24327	0.60271
1.01549	0.86141
1.61519	0.90372
1.24948	1.02358
1.03644	0.92236
0.71636	0.80114
0.81210	0.85353
0.74472	0.76520
0.57282	0.92657
0.57243	0.84909
1.14595	0.97549
0.94303	0.75977
1.06012	0.85998
0.73372	0.84117
0.89824	0.85567
0.47561	0.87915
0.77088	1.04881
0.81896	0.70132
1.29663	0.95311
1.31826	0.87883
1.60689	0.74740
1.32283	0.89580
1.07203	0.86964
1.19324	1.15602
1.48218	0.57867
1.56468	0.85330
0.83720	0.72747
0.38137	0.76602
0.56545	0.53556
1.29603	0.34787
1.66061	1.20259
1.41194	0.84433
1.83161	0.87682
1.90753	0.90033
1.61185	0.71113
1.30354	1.08628
1.73024	1.04190
1.35555	0.93308
0.92985	0.59856
1.38556	0.67077
1.33515	0.97318
1.42331	1.15726
1.73158	1.03633
1.31145	0.84842
1.09630	0.74503
0.82627	0.88208
1.33453	0.95310
1.46304	0.97380
1.82225	0.87422
1.32827	0.64201
1.22794	0.21730
1.21167	0.81416
1.04464	0.64200
2.06037	0.72736
1.48415	0.78527
1.43080	0.49755
1.03630	0.96564
0.92616	0.64358
0.42351	-0.05923
0.47377	0.47884
0.65267	0.59774
1.35783	1.11039
1.23274	1.32761
1.23654	1.18327
1.70770	1.11299
1.69892	1.20006
1.89274	0.81782
1.63042	0.62677
1.09215	0.60543
0.82882	0.91141
0.91294	0.93823
0.64450	0.79394
1.64843	0.63707
1.33304	0.54039
0.99707	0.55450
1.25023	0.55400
1.45887	0.42617
0.93097	0.55366
1.44450	0.48351
1.85656	0.87506
1.29741	0.63298
0.90926	0.60793
1.07267	0.91783
1.20532	1.08253
1.09926	0.95998
1.31391	1.10994
1.61400	0.66460
1.21139	0.60767
1.73555	0.87920
1.50724	0.84518
1.35535	0.98735
1.37587	0.68413
0.78137	0.35338
0.96287	-0.31032
0.76159	0.15767
1.38865	0.54232
1.63248	0.83679
1.34851	0.36681
1.04392	0.31616
1.72716	0.26639
1.62141	0.23818
0.96959	-0.04286
0.69505	0.14665
1.31502	0.07746
1.16758	0.27385
1.22254	0.62834
1.48754	0.07986
1.08490	0.28546
0.78417	-0.04073
0.97315	0.02301
1.25279	0.15761
0.59912	-0.13880
0.14665	0.12827
0.37962	0.16133
0.24061	0.13664
1.06814	0.19520
1.03224	0.38217
1.38692	0.59667
1.46622	0.67031
1.55906	0.31824
0.97408	0.34551
1.42563	-0.09323
1.03278	-0.21437
0.52632	0.16893
-0.02486	-0.18194
0.45067	0.15696
0.50949	-0.13847
1.00843	0.37240
1.21918	0.21058
1.46218	0.00719
1.38682	0.38472
1.31468	0.63390
2.03861	1.02685
1.27233	0.52516
1.45567	0.52594
1.34344	0.75265
1.74566	0.49637
1.34898	0.86547
1.42558	0.78717
1.70800	0.71234
0.90634	0.11496
1.46733	0.59061
2.29908	0.59040
1.67147	0.69658
1.26590	0.50248
1.30958	0.61622
1.76128	0.63884
1.24177	0.32792
1.74254	0.95801
1.24333	0.76684
1.20894	1.12616
0.80287	0.37926
1.00089	0.67778
1.36239	0.62870
1.07012	0.62109
1.07177	0.42602
1.26115	0.95833
0.92513	0.59227
1.10456	0.33609
1.10086	0.38750
1.39604	0.43865
1.01988	0.29757
1.37402	0.72491
1.06372	0.14135
1.35517	0.49560
1.18885	0.21606
1.27995	0.32243
1.43167	0.41116
1.66224	0.64621
1.42375	0.25659
0.86248	0.25047
1.85654	0.73895
0.86203	0.08711
1.02384	-0.09404
0.47354	0.34655
0.27205	-0.02934
0.48798	0.53054
0.98019	0.61941
1.56236	0.42925
1.92885	0.72334
1.61444	0.91110
1.62031	0.70496
1.61454	1.03572
1.73003	1.06106
1.68086	0.68824
1.62479	0.42352
0.92548	0.40894
1.04821	0.65580
0.81169	0.64263
1.03758	0.61240
1.12278	0.73084
0.66047	0.46676
1.24118	0.80329
0.87174	0.59056
1.10812	0.86053
1.08475	0.66706
1.82040	0.69297
0.83808	0.96328
1.36175	0.67417
1.06045	0.45929
0.62488	0.42773
0.64977	0.22117
0.31315	0.11099
0.38643	0.37958
1.04252	0.72932
0.83870	0.34446
0.73227	0.37190
1.13216	0.60023
0.98899	0.81310
1.08076	0.58977
1.22402	0.89281
1.46445	0.76700
1.39801	0.65132
1.44568	0.64810
0.90881	0.39864
1.38708	0.46327
1.54763	0.54747
1.44014	1.20010
1.44210	0.55418
1.92432	0.36319
1.05656	0.32584
1.09249	0.44199
1.62664	0.31416
0.80851	0.37079
0.84223	0.16950
1.11635	0.43913
0.31783	0.05811
1.39763	0.57057
0.78362	0.22736
0.70887	0.07454
0.89431	0.02993
1.10483	0.21813
1.23408	0.55427
0.55577	0.00321
0.66803	0.44511
0.52987	0.48139
1.68223	0.51867
1.31643	0.12292
1.05390	0.41257
1.52921	0.50978
1.26816	0.48896
1.60784	0.07578
1.18180	0.30772
1.18429	0.27757
1.14567	0.22417
1.22467	0.98479
0.96567	0.40499
1.36509	0.82319
1.20706	1.01202
1.33819	0.72767
0.99013	0.80517
0.89320	0.62522
1.29536	0.69903
1.28489	0.93624
1.81576	0.95351
0.83062	0.79017
1.24618	0.56362
0.87501	0.53406
0.85751	0.50527
1.03522	0.77400
1.16785	0.51730
1.11062	0.45431
1.46284	0.70844
1.01606	0.58584
0.58680	0.24161
0.84514	0.47778
0.81674	0.25098
0.31238	0.32596
0.82470	0.51628
1.22064	0.71992
0.79038	0.78928
0.77954	0.52798
0.85540	0.73957
0.73120	0.62390
0.90754	0.74115
0.80752	0.41592
1.04849	0.57092
0.63346	0.53017
0.80021	0.25660
0.90298	0.22141
0.96239	0.54824
0.87261	0.68519
0.51708	0.27338
1.14550	0.55240
0.71688	0.07339
0.24600	-0.37405
0.43993	0.45963
0.82395	0.50622
0.96515	0.40064
1.40635	0.69697
1.40021	0.44574
1.23268	0.46946
1.20570	0.41858
1.18816	0.60534
1.42598	0.60060
1.13359	0.39222
0.67326	0.48920
1.23822	0.49765
1.03438	0.40095
1.03466	0.29578
1.04444	0.64583
1.05020	0.54924
0.89239	0.48195
0.92934	0.46101
0.81775	0.16953
0.62003	0.12422
0.45232	0.58864
0.19900	0.25351
0.56425	0.60480
0.67929	0.20839
0.46454	0.02694
0.24440	0.40772
0.02989	0.24741
0.34993	0.51136
0.64944	0.46403
0.79462	0.59840
0.98571	0.65207
1.06830	0.51136
0.99152	0.66128
1.21130	0.23818
0.84032	0.50986
1.23487	0.73870
1.17239	1.09893
1.39298	1.02008
0.95962	0.65362
1.07292	0.76065
1.19700	0.48955
1.11847	0.88524
1.67743	0.78519
1.20412	0.76140
1.20313	0.97595
1.22155	1.21301
1.22606	1.31362
1.50200	0.72327
1.65795	0.77329
1.80468	1.03968
2.06478	1.08683
1.63252	0.58332
1.69406	0.52791
2.07045	0.78309
1.53514	0.71364
1.54864	0.77240
1.08236	0.19006
0.86294	0.21464
1.00787	0.55964
1.55969	0.46435
1.49857	0.42850
1.35605	0.50704
1.16688	-0.04687
1.37047	0.63824
1.02815	0.27366
1.08872	0.22573
0.55590	0.48769
0.54868	0.72056
0.66787	0.38909
0.89204	0.70908
1.13456	1.09886
1.25133	0.55580
1.29449	0.44519
1.34165	0.42151
1.47938	0.55505
1.01220	0.39666
0.89007	0.20516
1.05830	0.41405
1.56982	0.44124
1.24623	0.41995
1.40543	0.32651
1.68775	0.51512
0.94247	-0.25464
1.16079	0.39256
1.37936	0.33729
1.37500	0.34008
0.82556	0.43470
0.73736	0.36738
0.52884	0.16401
1.37588	0.43056
0.68157	0.06789
0.49171	0.26913
0.79565	0.70040
0.97261	0.46874
0.32380	0.35039
0.28737	0.50719
1.06680	0.58418
0.23644	0.13025
0.70567	-0.03388
0.46667	0.31604
0.26081	0.04498
0.86774	0.21264
0.67896	0.19540
0.22835	0.27109
0.96900	-0.05948
0.52030	-0.67968
0.44582	-0.00628
0.58317	0.24308
0.78273	0.35766
0.40076	0.31748
0.83272	0.34210
0.90451	0.33744
1.09756	0.35208
0.70853	0.42757
1.00301	0.58484
1.10377	0.40030
1.63728	0.44619
0.82153	0.21542
0.84863	0.00212
1.15022	0.15114
0.23119	0.02060
0.66565	0.21679
1.10464	0.34385
0.45334	0.36129
0.55925	0.33796
0.25630	-0.04775
0.55449	0.51236
1.02658	0.92333
0.36914	0.44843
0.48227	0.63807
0.39622	-0.03010
1.03627	0.16399
1.30428	0.26032
0.74456	0.54847
0.04345	0.46970
0.75470	0.71204
0.78682	0.34303
0.30933	0.44782
0.99595	0.54640
1.07465	0.52984
0.20096	0.79853
0.88645	0.33150
1.01440	0.05851
1.09579	0.61798
0.72879	0.57487
0.73702	0.74854
0.61207	0.54333
0.24893	0.67918
0.85376	0.78111
1.14633	0.55741
1.03177	0.74345
1.41619	0.84812
1.26537	0.88864
1.33741	0.27922
0.81780	0.60647
1.07491	0.67081
0.98369	0.75031
0.74099	0.42638
1.61696	0.34702
1.19256	0.63823
1.55161	0.69057
1.26278	1.09953
1.11539	0.54631
1.28252	0.78668
1.08568	0.73693
1.34876	0.69559
1.22389	0.94832
0.69895	0.55364
1.51967	0.74528
1.22522	0.89358
1.93527	0.67962
1.47515	0.41728
1.09180	0.87436
1.13391	0.62939
1.36473	0.61064
1.56095	1.11727
1.23584	0.60797
1.31575	0.65161
1.90890	0.93175
1.16532	0.91434
0.72246	0.75467
1.17353	0.87561
1.29605	1.07344
1.20115	0.58175
1.58461	1.29017
1.27307	0.96677
1.35791	0.45505
1.07160	0.76762
1.35875	0.67563
1.42984	0.94555
1.10349	0.82905
1.28147	0.37641
1.21058	0.20229
1.84662	0.74327
1.19481	0.28804
1.24389	0.47345
0.18751	0.52687
1.23604	0.54445
0.30241	0.46759
1.00701	0.75004
1.14807	0.26323
0.40864	-0.13882
0.83006	0.26563
1.32434	0.57753
1.25794	0.25241
1.40379	0.43091
0.92772	0.49728
1.26351	0.85840
1.81177	0.77983
1.71164	1.06628
1.59161	1.18874
1.50560	1.44090
1.73056	0.77727
1.87618	0.69937
1.67319	0.79335
1.29126	0.91997
1.67094	0.94671
1.70660	0.60754
1.22032	0.55398
1.82712	0.82743
1.41724	0.77249
1.67003	0.96791
1.15575	0.63601
1.58157	0.87099
0.94923	1.19675
1.44650	0.98600
1.29067	0.80119
1.80741	0.91221
1.33422	0.83996
1.24518	0.94464
1.19062	0.64224
1.26766	0.75958
0.45710	0.35259
0.87961	0.64284
0.57995	0.45284
0.61148	0.81198
0.88942	0.34765
0.09655	0.25804
0.67617	0.64923
1.04148	0.49913
1.01146	0.51949
1.15269	0.64008
1.37751	0.46265
0.89066	1.03607
1.32664	0.73214
1.12641	0.65628
0.58685	0.30075
0.82283	0.82185
1.16564	0.57275
0.49107	0.68852
1.24237	0.59138
0.87916	0.27085
1.21394	0.79844
1.26012	0.67980
1.18847	0.26114
1.33673	0.61432
1.15643	0.95956
0.98109	0.90283
1.04968	0.61871
1.56296	1.28432
0.92751	1.04899
1.15926	-0.82012
1.17646	-0.69184
0.58876	-0.30339
1.09548	-0.31956
1.68415	-0.11111
1.31591	0.10014
0.72803	-0.39508
0.70775	-0.26692
0.45941	-0.15827
0.79548	-0.18419
0.80731	-0.17718
0.79480	-0.23293
0.24289	-0.13907
0.60034	-0.09022
1.02037	-0.18789
1.31207	-0.54388
0.31074	-1.06995
0.65953	0.04598
1.29020	0.23331
1.23476	-0.29762
1.17314	-0.49414
1.26304	-0.08534
0.45309	-0.31716
1.00365	-0.83939
0.36969	-0.23276
0.59297	0.42985
0.94176	0.12046
1.14272	0.08103
1.35282	-0.82592
1.45775	0.05584
1.22378	0.07498
1.36844	-0.04887
1.29878	-0.09276
1.07412	-0.28664
1.03516	-0.09535
1.13716	-0.76552
1.06042	-0.19173
1.10749	-0.17496
0.91403	0.27250
1.14337	-0.19536
0.83427	-0.12640
0.90085	0.26660
0.58544	0.38831
0.76101	0.46224
0.92233	0.47706
1.01126	0.26870
0.58743	0.53236
0.62664	0.01103
0.48567	-0.35186
-0.37942	-0.90804
0.30243	-0.24211
0.11579	0.06041
0.48719	0.09671
0.02883	-0.16748
0.16650	0.25948
0.18526	0.08768
0.08134	0.06712
0.06562	0.03383
0.33509	0.67644
0.51296	0.50976
0.20518	0.36442
0.05028	0.69614
0.38419	0.75266
0.97168	0.68946
0.56637	0.88511
1.13884	1.21708
1.04604	0.75004
0.81176	1.04208
0.98167	0.99836
0.97804	0.60703
0.45312	1.02541
1.08043	0.79293
0.97963	1.01560
0.21956	0.87779
0.54055	0.88453
1.08016	0.71779
0.49381	0.61542
0.67855	0.14403
0.29303	0.69868
0.35634	0.46644
1.13969	1.17355
0.62138	0.99127
0.48300	0.84954
0.44299	1.41618
-0.39019	0.46254
-0.79353	0.74146
-0.32082	0.10921
0.02669	0.79772
-0.03208	0.82694
0.01177	0.90397
0.19593	0.49743
0.05700	0.73257
0.22919	0.99732
-0.14670	0.88306
0.48611	0.73704
0.66376	0.95333
-0.27029	0.69600
0.09037	0.74030
0.16107	0.39547
0.58548	0.80845
0.57418	0.89370
0.26699	0.98783
0.30571	0.77936
-0.11800	0.52429
-0.32154	0.52045
-0.65679	0.55256
0.07895	0.83982
-0.14047	0.62808
-0.10265	0.08283
-0.18245	0.62186
-0.13835	0.25098
-0.20942	0.09889
-0.39374	0.25713
-1.06353	0.33762
-0.48077	0.07646
-0.59669	1.19285
-0.55699	0.99481
-0.86361	0.72426
-1.12826	0.95001
-0.52794	0.71792
-0.46355	0.90534
-0.03909	1.09497
-0.70179	0.82392
-0.51164	0.68639
-0.07007	0.66877
-0.66372	0.90422
-0.13047	0.67340
-0.46297	0.40262
-0.39050	0.93659
-0.31911	0.45880
-0.11992	0.67344
-0.68343	1.03501
-0.32189	0.88830
-0.39613	0.58578
-0.31474	1.16164
0.02592	1.05441
-0.43487	0.86942
-0.47081	1.07591
-0.22720	1.26348
0.49427	1.85104
-0.42001	1.06103
-0.29243	1.37754
-0.52712	1.61673
-0.67488	1.16391
-0.28565	1.07939
0.30158	1.14720
0.54492	1.59974
-0.18514	1.32472
0.03791	1.62163
-0.27127	2.05601
-0.34695	1.75972
-0.77075	1.49856
-1.28900	1.19822
-0.55927	1.18933
-0.14043	1.12871
-0.00096	1.38573
-0.56794	1.77710
-0.64591	1.69635
-0.84845	0.97754
-0.67802	1.78427
-0.79945	1.35792
-0.93115	1.18131
-0.47913	1.01370
-0.81553	1.43525
-1.06564	1.08405
-0.79874	1.01952
-0.73494	1.36299
-0.85801	1.11475
-0.99359	1.30394
-1.05104	1.06995
-1.74522	0.64982
-1.92886	0.95846
-1.51234	1.23007
-1.90665	1.01506
-1.97161	0.94816
-1.69413	0.97997
-0.85068	1.08952
-1.37250	0.90895
-1.25838	1.36499
-0.77920	1.46437
-1.46213	1.55936
-1.51226	1.45022
-1.59339	1.36870
-1.35172	1.25000
-1.44921	0.95899
-1.52376	0.72836
-1.26570	0.93956
-1.33858	1.15585
-1.54961	1.22065
-1.76150	1.18377
-2.08420	1.28488
-1.46366	1.38196
-1.86135	1.11367
-1.52187	1.15844
-1.78778	0.38184
-1.67335	0.79319
-1.25432	1.23089
-1.76606	1.10628
-1.47349	0.66754
-1.15410	0.83594
-0.64451	0.78943
-0.61534	0.96178
-0.69462	1.86455
-1.14193	1.86555
-1.25851	1.66819
-1.82288	1.10228
-1.11439	1.60062
-0.85058	1.50076
-1.29036	1.05008
-1.15742	1.19045
-1.58139	0.90431
-1.65040	0.64901
-1.46864	1.11181
-0.79234	1.53867
-0.96226	1.42451
-1.62475	1.14425
-1.21560	1.53431
-1.25163	1.21640
-1.71018	0.63453
-1.45489	1.13347
-1.02977	1.15666
-0.46368	1.45877
-0.87872	1.20155
-0.35655	1.12158
-0.53746	1.14775
-1.23202	0.96289
-1.35644	0.96699
-0.74953	0.91208
-1.21614	1.10700
-1.42353	0.56399
-1.41363	0.69143
-0.82205	0.41492
-0.91634	0.94388
-0.74724	0.53295
-0.70338	0.80343
-0.17737	0.66082
-0.21387	0.51214
-0.30711	0.69776
0.06506	0.56744
-0.08481	0.67369
0.22592	0.56593
0.13109	1.03899
0.15076	1.11451
0.11456	0.73634
0.12308	0.51206
0.05203	0.60690
0.32114	-0.05834
0.09524	0.19871
-0.37576	0.61872
0.76225	0.33045
0.33863	0.34577
0.13503	0.18996
0.40338	-0.54921
0.22037	-0.03460
0.29394	-0.38500
-0.00985	0.27509
0.40808	-0.09649
0.93419	-0.22162
0.72817	-0.01861
1.30664	0.31499
1.18277	0.88798
1.20252	0.54176
0.85377	0.91997
0.47409	0.09808
0.74729	0.40660
0.29314	0.43581
0.59358	0.47294
0.33489	0.17168
0.32599	0.61848
0.72002	0.26570
0.33516	0.62410
0.49693	0.89421
0.54509	0.52828
0.32492	0.57435
0.70457	0.33531
0.88752	0.47207
0.36992	1.03623
0.06898	1.17606
0.48261	1.64692
0.27528	1.40705
0.57264	1.13750
0.48190	1.24277
1.02811	1.33913
0.31959	1.07985
0.37736	0.84166
-0.00601	1.35686
0.19093	1.34805
-0.41445	1.05345
0.20668	1.34492
0.19668	1.10440
-0.00374	0.97866
0.51916	1.03395
0.94114	1.45586
1.06753	1.19539
-0.01701	1.18758
0.14878	1.05264
0.41026	1.04748
0.02636	1.33749
-0.18473	0.99511
-0.20985	0.93625
0.15655	1.03395
0.12966	1.14083
0.46029	1.61492
0.47322	1.36663
-0.20783	1.81185
-0.67489	1.50255
-0.35318	1.81537
-0.20709	2.04417
-0.00713	1.82175
0.44391	1.53025
-0.15763	1.24602
-0.50817	1.05296
-0.13881	1.83289
-0.35258	1.42828
-0.58894	1.38849
-0.37840	1.24705
-0.32840	1.16006
-0.66653	1.33414
-0.27660	0.76382
-0.19748	1.36778
-0.62400	1.17618
-0.82951	0.73878
-1.10017	1.25894
-0.90435	1.22967
-0.96856	0.77676
-1.16404	0.83144
-0.65057	0.99251
-1.08620	0.54754
-0.76864	0.86395
-1.28986	0.76852
-1.07780	0.84113
-1.25790	0.47109
-0.99647	0.57767
-1.72423	0.26743
-1.73998	0.18140
-1.48113	0.67100
-1.22458	0.38135
-1.55088	0.60521
-1.25685	0.73741
-0.67300	1.11669
-1.09929	0.54242
-0.62998	0.72466
-0.77514	0.78867
-1.00737	0.85144
-0.94901	0.72449
-0.96594	0.76109
-0.79194	0.46546
-0.86129	0.22001
-1.04811	0.22555
-1.25368	0.09176
-0.86839	-0.01606
-1.31358	-0.10567
-0.82910	0.02531
-1.28348	0.45195
-0.88031	0.57590
-1.38829	0.35432
-0.68462	-0.42883
-0.72856	0.20294
-1.34933	-0.03577
-1.90579	-0.23750
-1.65385	0.18785
-1.65798	0.38754
-1.44614	0.33159
-2.26072	0.46434
-2.02940	-0.07730
-1.35454	0.12023
-1.76051	0.23824
-1.53957	0.37285
-1.62119	0.23261
-2.05092	0.39257
-1.48471	0.57867
-1.81338	0.45346
-1.41234	0.04922
-0.74833	-0.07622
-1.04279	-0.37164
-1.52647	-0.08528
-1.64591	0.65797
-1.69197	0.71378
-1.87684	-0.00224
-1.37096	0.16141
-2.13490	0.59682
-1.99470	0.17397
-1.84363	0.27411
-2.16064	0.70793
-1.89703	0.38234
-2.61209	0.52486
-2.03903	0.23104
-2.47011	0.36807
-2.15197	0.28380
-1.80450	0.80383
-2.61553	0.35949
-2.00435	0.71994
-1.33776	1.10034
-1.34201	0.27803
-1.39574	0.56040
-1.82202	0.08546
-1.84859	0.03948
-2.07388	0.37076
-2.27306	0.16594
-2.34590	0.26972
-2.48004	0.22134
-1.26678	0.47931
-1.53713	0.41950
-1.69724	0.54920
-1.17971	0.73482
-1.52712	0.26438
-2.34904	0.20431
-2.42526	-0.26052
-1.32770	0.06003
-1.60655	0.87116
-0.91881	1.13385
-1.39153	0.26825
-2.01687	0.55183
-1.74355	0.50351
-2.03947	0.39812
-2.04818	-0.19940
-1.13013	0.32083
-1.11682	0.12659
-1.55901	-0.00974
-1.18304	0.27791
-1.43387	0.07022
-1.70843	-0.11536
-2.53523	0.26074
-2.38343	0.54273
-1.95546	0.41776
-1.98731	0.86091
-1.54827	1.02597
-1.48383	1.05858
-1.03816	1.57851
-1.25265	1.12688
-1.46718	1.06346
-1.29032	1.24545
-0.80304	1.09224
-1.13419	1.60110
-1.06952	1.45508
-1.10471	1.31015
-1.22810	1.18634
-0.76189	0.21935
-1.10689	0.84619
-1.33919	0.53529
-1.74767	0.83580
-1.09604	0.90699
-1.31417	0.98651
-1.26130	0.95242
-0.54355	1.29125
-0.64594	1.17590
-0.05251	1.18072
-0.27838	1.60859
-0.51096	0.94436
-0.67192	0.90027
-0.19510	0.93982
-0.36271	1.08347
-0.35089	0.56486
-0.68859	0.41506
-0.58091	0.45054
-0.54368	0.57600
-1.13684	0.62570
-0.79125	0.85014
-0.55500	1.09960
-1.06614	0.99134
-1.26131	1.11668
-1.12648	1.40838
-1.04087	1.32816
-1.57195	1.12550
-1.64238	1.10108
-1.30838	0.89077
-2.09273	1.08654
-1.42116	1.07714
-1.21972	1.17581
-1.94862	0.86853
-1.68771	0.92495
-1.31683	0.66034
-1.75485	1.03217
-2.11661	0.68742
-2.27057	0.75756
-2.48396	0.45904
-2.47092	0.31439
-2.17739	0.48650
-1.84025	0.23797
-1.97764	0.59030
-2.19379	0.27592
-1.71569	-0.00129
-2.64991	-0.10257
-2.72255	-0.37328
-1.64754	-0.00942
-2.41416	-0.07618
-2.56700	-0.29084
-2.39427	0.30301
-2.07924	0.56663
-2.22864	0.39792
-1.73480	0.23308
-2.27987	0.23915
-1.92065	0.89298
-2.07887	0.26757
-1.50320	0.34515
-1.95890	0.18555
-2.24677	0.15656
-2.76366	-0.21275
-2.52237	0.06458
-2.48804	-0.13226
-2.19585	-0.05655
-2.19568	-0.35139
-1.82727	0.41678
-2.33943	0.48213
-1.85062	0.42155
-1.84605	0.52519
-1.91619	-0.09129
-2.28578	-0.10677
-2.52346	0.18999
-2.73877	-0.00184
-2.79238	0.04001
-2.64781	-0.38709
-2.27614	0.27492
-1.74139	-0.05788
-2.03522	0.19443
-2.39550	-0.14948
-2.60254	0.07486
-2.15243	0.46286
-2.24531	-0.19134
-2.74036	0.06484
-2.44664	-0.06682
-2.75279	-0.36625
-2.70813	-0.21229
-2.36271	-0.36370
-2.23552	-0.36757
-2.27345	-0.38704
-2.00781	-0.15931
-1.85562	-0.02535
-1.20684	0.50932
-1.67206	0.06175
-1.81455	0.41701
-1.67181	-0.10520
-2.21909	0.12709
-2.42787	-0.09414
-2.25508	0.11997
-2.65061	-0.45471
-2.68706	-0.27184
-2.49968	-0.45853
-1.73617	0.19837
-1.90695	0.45537
-1.73924	0.74305
-2.13752	0.59021
-2.14633	0.27996
-2.49022	-0.38735
-2.33860	-0.49820
-2.57790	-0.63993
-2.77809	-0.30556
-2.46716	-0.19275
-2.43751	-0.30412
-2.32306	-0.51321
-1.84005	-0.30550
-2.27722	0.05018
-2.13578	-0.27823
-1.77010	-0.26010
-2.24470	-0.01042
-2.68573	-0.01577
-2.19608	0.41774
-2.49213	0.13852
-2.49045	-0.15752
-2.28449	0.49519
-2.33539	0.59262
-2.50132	0.23730
-1.75316	0.13822
-2.15618	0.04656
-2.21711	0.00237
-2.24109	0.38390
-2.38818	-0.02169
-2.57221	-0.06468
-2.18955	0.10679
-2.51687	-0.44517
-2.29395	-0.48228
-2.42579	-0.31756
-2.36005	-0.02329
-1.98326	-0.13511
-2.24113	-0.02232
-1.85232	-0.72520
-2.22964	-0.94596
-2.66936	-0.30979
-2.32194	-0.02370
-2.26455	-0.10488
-2.70270	0.15150
-2.36228	0.00235
-2.01063	0.32181
-2.22677	0.11040
-2.20215	-0.58933
-2.33659	-0.32457
-2.68242	-0.22597
-2.62735	-0.11350
-2.03341	0.38876
-2.38637	0.45604
-2.56742	0.21835
-2.45264	-0.00347
-2.19671	0.18350
-2.13265	-0.25164
-2.24465	-0.19289
-2.25498	-0.10549
-2.11626	-0.09361
-2.35050	-0.25790
-2.48353	-0.15988
-2.74643	-0.18294
-2.80853	0.08937
-2.72325	-0.29335
-2.73052	-0.39765
-2.95223	-0.33326
-2.57590	-0.29639
-2.52618	0.12599
-2.53363	-0.10456
-2.16544	0.11888
-2.53363	0.40813
-2.44465	0.29053
-2.78683	0.09558
-2.37044	-0.33499
-2.80657	-0.75771
-2.68789	0.09551
-2.46782	0.00739
-2.79767	-0.22622
-1.97049	0.01556
-2.02662	0.50684
-2.21626	0.00371
-2.39613	0.48336
-2.79297	0.03559
-2.72582	-0.20134
-2.03541	-0.03416
-2.17208	-0.26219
-2.31446	-0.25892
-2.43394	-0.31296
-2.36220	-0.35555
-2.50346	-0.45997
-2.59347	-0.11813
-2.25029	-0.47486
-1.87007	0.18958
-2.11115	-0.37412
-2.45839	-0.68104
-1.84514	-0.33135
-2.18460	-0.23882
-2.45421	-0.24449
-2.27648	-0.15292
-2.16895	-0.07311
-2.55354	-0.31808
-2.28456	-0.56177
-2.25450	-0.54992
-2.28344	-0.57737
-2.33223	-0.72561
-2.59382	-0.92804
-2.43205	-0.95385
-2.23166	-0.81871
-2.38037	-0.40362
-2.26309	-0.25260
-2.23935	-0.87335
-2.62254	-0.44718
-2.47784	-0.47100
-2.11937	-0.78909
-2.06970	-0.10589
-2.04366	-0.14294
-2.41335	-0.00997
-2.33744	-0.63251
-1.90354	-0.25220
-1.76097	-1.00283
-1.57224	-0.73374
-1.62655	-0.62979
-2.32406	-0.74774
-2.86720	-0.79522
-2.15362	-0.75971
-1.95962	-0.49797
-2.47764	-0.40845
-2.42731	-0.66792
-2.37855	-0.38632
-2.15044	-0.59422
-2.25085	-0.48755
-1.94100	-0.42605
-2.31577	-0.54654
-1.94224	-0.59098
-1.67612	-0.07707
-2.32403	-0.45330
-2.04695	-0.54165
-2.12803	0.08818
-1.92492	-0.09707
-2.63567	-0.40209
-2.48749	-0.65379
-1.99657	-0.46432
-1.83394	0.21308
-2.37391	-0.59820
-2.33884	-0.44088
-1.98700	-0.33767
-2.17275	-0.95510
-2.75698	-0.74431
-2.34476	-0.79019
-2.12171	-0.93894
-2.74128	-0.64025
-2.91045	-0.49686
-2.54099	-0.56556
-2.73656	-0.55488
-2.86531	-0.72850
-2.73862	-0.55558
-2.07866	-0.40965
-2.88953	-0.71122
-2.51988	0.06865
-1.95416	-0.35566
-2.18761	-0.38517
-2.20388	-0.46567
-2.26217	-0.46217
-2.02765	-0.35549
-2.09720	-0.32422
-2.46269	-0.25571
-2.37899	-0.72460
-1.62953	-0.16378
-1.81613	-0.36622
-1.95997	0.10262
-2.56494	-0.32414
-2.18516	-0.25391
-2.16627	-0.12891
-3.30935	-0.20357
-2.30421	0.13882
-2.37888	0.14595
-2.70725	-0.16876
-2.65176	-0.49845
-2.73218	-0.86485
-3.23256	-0.46719
-3.53762	-0.77887
-3.14707	-0.38137
-3.43017	-0.12928
-3.32144	0.06097
-3.39451	-0.13652
-3.15018	-0.10963
-2.74518	-0.38872
-2.55160	0.20936
-2.75776	0.32385
-2.94430	0.42511
-3.24657	0.21818
-3.19514	0.59248
-3.48389	0.14336
-3.83202	-0.34540
-3.44885	0.36987
-3.51071	0.36167
-2.97850	0.19227
-3.22518	0.38164
-3.05950	0.00039
-2.98479	0.27980
-2.78138	0.16919
-2.49342	-0.04104
-2.94923	-0.11810
-2.86709	-0.12110
-2.78370	0.07528
-2.79462	-0.02318
-3.36665	-0.35414
-2.86251	-0.45036
-2.73317	-0.46645
-2.69335	-0.06830
-2.84890	-0.01859
-2.62747	0.29956
-3.58417	-0.28273
-2.92406	-0.23286
-3.14026	-0.34209
-3.58089	-0.57104
-3.03320	-0.26001
-2.81080	-0.16347
-2.79033	-0.33151
-3.06910	-0.28058
-3.06700	-0.18153
-2.82594	0.18959
-2.31645	-0.52289
-2.87133	-0.01481
-3.96486	-0.93846
-3.18878	-0.47609
-3.91800	-0.44076
-3.19930	-0.09337
-3.08337	-0.21137
-3.35959	-0.49901
-3.25200	-0.54392
-3.57073	-0.61200
-3.25399	-0.55306
-3.39087	-0.37907
-3.23516	-1.18320
-3.04069	-1.03339
-2.85538	-0.97779
-2.45275	-0.76280
-2.68082	-0.57825
-2.96339	-0.92131
-2.67827	-0.77534
-2.44744	-0.51455
-2.56737	-0.63097
-2.39189	0.06377
-2.47227	-0.15763
-2.14738	-0.49306
-2.27384	0.00939
-2.45733	0.04023
-2.96294	-0.29069
-2.85619	-0.51003
-2.79929	-0.51995
-2.54475	-0.73246
-2.77426	-0.61354
-2.63121	-0.79589
-3.09478	-0.87761
-2.58028	-0.62091
-2.48381	-1.06152
-2.02680	-0.97051
-2.19377	-1.02930
-1.89222	-0.66399
-2.23656	-1.30712
-1.89995	-0.99410
-2.05471	-1.13785
-1.90108	-1.15682
-2.15760	-0.76974
-1.63078	-0.94302
-1.97696	-0.88031
-2.17698	-0.86612
-2.73599	-0.99997
-2.56602	-0.67379
-2.14252	-0.86705
-2.01793	-1.11495
-2.99324	-0.90130
-3.00280	-1.35489
-2.71738	-0.51766
-2.87858	-0.04303
-2.23584	-0.70128
-2.41894	-0.51079
-2.40483	-0.38391
-2.60876	-0.29351
-1.99571	-0.14785
-2.24415	-0.47316
-2.30942	-0.70233
-2.19575	-1.62400
-2.01810	-0.80850
-1.93123	-0.85960
-1.95749	-0.70190
-1.76011	-0.83192
-2.13690	-0.79233
-1.66470	-0.96500
-1.32177	-1.00529
-1.19662	-1.25756
-1.70350	-0.86674
-2.11904	-1.16491
-2.49852	-1.49223
-2.46099	-1.71674
-1.99691	-1.06992
-3.18515	-0.40520
-2.68688	-0.87437
-3.16088	-1.27964
-2.32176	-1.41625
-2.23194	-1.28018
-2.12798	-1.19397
-2.25576	-1.57065
-1.58633	-0.85324
-1.80697	-0.82687
-2.20376	-0.87887
-1.88536	-1.21056
-1.73874	-1.22339
-2.08853	-0.92827
-2.37306	-1.06306
-2.08572	-1.03217
-2.33644	-1.14226
-1.87880	-0.86483
-1.67097	-0.54819
-2.34448	-0.84660
-1.43350	-0.86176
-1.37434	-0.83809
-1.92329	-0.32602
-1.25263	-0.26352
-1.02474	-0.55368
-1.29344	-0.78695
-1.03445	-0.95458
-1.36216	-0.66391
-1.76010	-0.84331
-2.72566	-0.85787
-2.01183	-0.74828
-1.50484	-0.20511
-1.68688	-0.39101
-0.83592	-0.97279
-1.22957	-1.21898
-1.69961	-1.28044
-1.80724	-0.81355
-2.04786	-0.86989
-2.23448	-0.61542
-2.09984	-0.31030
-1.80795	-0.13235
-2.11789	0.38676
-1.55061	0.64308
-1.47967	0.54397
-2.02052	0.33767
-1.98027	0.50898
-2.00963	0.46080
-2.00361	0.20501
-2.04011	0.12799
-2.23943	0.23990
-2.84085	0.49979
-2.41528	0.22722
-2.71332	0.50942
-2.06864	0.85740
-2.02318	0.80827
-2.45968	0.52529
-2.84729	0.69298
-2.41498	0.72465
-2.89164	0.50333
-2.12082	0.42561
-1.95155	0.27642
-2.11563	-0.23806
-2.32384	-0.52449
-2.72197	0.03861
-2.96673	0.34390
-2.79647	-0.10787
-2.22706	0.47167
-2.26584	0.30132
-2.52415	0.87269
-2.31049	0.73655
-2.49890	0.89883
-2.48868	0.63401
-2.50796	0.77491
-3.11317	1.05323
-2.97272	1.07740
-2.65728	0.97170
-2.61332	0.73072
-2.35573	0.44106
-2.59949	0.53496
-2.86244	0.40013
-2.43062	0.77575
-2.93341	0.83946
-3.48420	0.55255
-3.48740	0.66425
-3.18717	0.41380
-2.88480	0.50377
-2.56107	0.76354
-2.71009	0.25958
-2.37782	0.60180
-2.35532	0.35819
-2.70152	0.77510
-2.87216	0.52512
-2.89124	0.54147
-2.67277	0.41623
-2.78494	0.00877
-3.40614	0.35315
-4.15077	0.51400
-3.99004	0.06872
-4.11006	0.00153
-3.98736	-0.12755
-3.72708	0.08899
-3.56872	0.34749
-3.41436	0.60991
-4.19050	0.74476
-4.29675	0.54014
-4.14785	0.57693
-4.61127	-0.03988
-4.52109	0.45600
-4.38230	0.56227
-4.26065	0.10489
-4.61139	-0.06945
-4.26263	0.43316
-4.15979	1.27801
-4.26476	0.77443
-4.39457	0.38147
-4.26909	0.32620
-4.41191	0.02874
-4.16813	0.40004
-3.55905	0.84580
-3.43320	0.90784
-3.83446	0.77042
-3.80860	0.93115
-3.81715	0.12931
-4.06775	0.08611
-3.96707	0.29377
-4.06459	0.31152
-3.91897	0.17578
-3.68219	0.44153
-3.78399	0.83122
-3.93793	0.82765
-3.49883	1.10027
-3.53108	1.10990
-3.76575	0.93279
-3.31444	0.99662
-3.45907	0.94647
-3.68820	1.20385
-3.48532	0.78047
-3.24176	0.56979
-2.92424	1.23418
-3.89895	0.73383
-3.53732	0.95031
-3.19616	0.85928
-3.25846	1.06180
-3.19996	0.82459
-4.01824	0.78254
-3.33729	0.73460
-3.39156	0.45626
-3.47333	1.04931
-3.57318	1.06355
-3.51121	0.87800
-3.90318	0.37198
-3.56434	1.10281
-4.60027	0.44162
-4.29060	0.44703
-4.20909	0.20327
-4.12946	0.21995
-4.24755	0.42627
-4.69059	-0.10235
-4.01243	0.32976
-4.06767	0.83528
-4.23608	0.79451
-3.42253	1.26979
-3.45755	1.08366
-3.47802	1.09381
-3.76832	1.11475
-3.91663	1.01056
	
