1.79407 
1.58927 
1.93030 
1.84194 
1.66442 
1.14284 
1.12241 
0.83027 
0.70935 
1.34086 
1.00815 
1.57108 
0.73651 
1.24929 
1.70828 
1.22951 
1.22939 
1.51707 
1.64323 
1.89726 
2.15631 
1.64455 
1.21675 
2.00987 
2.03680 
1.81597 
2.03745 
1.78131 
1.37176 
1.81400 
1.89644 
1.95254 
1.49266 
1.49946 
1.34761 
1.55186 
1.63113 
1.76352 
1.77621 
1.57352 
1.83035 
2.01162 
1.93430 
2.32568 
2.02260 
2.13129 
1.83028 
2.09179 
1.94072 
1.55831 
2.16556 
1.90555 
1.94776 
1.76903 
1.53682 
1.79588 
1.66815 
1.62373 
2.04722 
1.76371 
1.50086 
1.66311 
1.79532 
1.54832 
1.71112 
1.65189 
1.84238 
2.17988 
1.62724 
1.79974 
1.76587 
1.35753 
1.24419 
1.80900 
1.71759 
1.71558 
1.41353 
1.42702 
1.87994 
1.53086 
1.26684 
1.65476 
1.48580 
1.11632 
1.64622 
1.65151 
1.85949 
1.43211 
1.58790 
1.94037 
1.89721 
1.74271 
1.88181 
2.07370 
1.73950 
1.48893 
1.95744 
1.95139 
2.13871 
2.14282 
2.23494 
2.07003 
2.27632 
2.29997 
2.02914 
1.88875 
2.00725 
2.08996 
1.42741 
1.74164 
1.59244 
2.08937 
1.75075 
1.81144 
2.23499 
1.37142 
1.57024 
1.68495 
1.93200 
1.78225 
1.98576 
1.89975 
1.68945 
1.91247 
1.31878 
1.09858 
1.58579 
1.39608 
1.23972 
1.09678 
1.11680 
0.83814 
0.65328 
0.51243 
0.53630 
0.84035 
0.88551 
1.40705 
1.53528 
2.27588 
1.77371 
1.91162 
1.99416 
2.06618 
2.20772 
1.56425 
1.38065 
1.55142 
1.45261 
1.57722 
1.60076 
1.04166 
0.51341 
1.36506 
1.05630 
0.74604 
0.73453 
1.46287 
1.68727 
1.71683 
1.81359 
1.55915 
1.46305 
1.61010 
1.53244 
1.44824 
1.50795 
1.52363 
1.75350 
1.91649 
1.54079 
1.12360 
0.83026 
1.02904 
0.63812 
0.61909 
0.81602 
0.68231 
0.66589 
0.88551 
1.07934 
0.79068 
1.04684 
0.55086 
0.69298 
1.24317 
0.84937 
0.87843 
1.30699 
1.18671 
0.66409 
1.09296 
0.66997 
0.78094 
0.50466 
0.85890 
0.72201 
0.79718 
1.06908 
1.42350 
0.90818 
1.25188 
1.31156 
0.96221 
0.88048 
1.21296 
0.92810 
1.15958 
1.53389 
1.70698 
1.57813 
1.91435 
1.46509 
1.31459 
1.79867 
1.20301 
1.03222 
1.10370 
0.86459 
0.68972 
0.64527 
0.52265 
0.62108 
0.26915 
-0.00264 
0.07512 
0.37316 
0.05914 
0.41975 
0.63300 
0.68769 
0.57255 
0.98435 
0.96391 
0.52147 
0.70513 
0.35860 
0.20711 
0.86750 
1.08748 
0.68213 
0.84275 
0.83525 
0.74967 
0.43939 
-0.00264 
0.47917 
0.03199 
0.09182 
0.57049 
0.27536 
0.47035 
0.62917 
0.26903 
0.35722 
0.24901 
0.73569 
0.77911 
1.27858 
1.12762 
0.81409 
0.59727 
0.24952 
0.69417 
1.02671 
1.10689 
1.02571 
0.95590 
0.96740 
0.11041 
0.59407 
0.24694 
0.33652 
0.41226 
0.48785 
0.69753 
1.05389 
1.27793 
1.13331 
0.87065 
0.82364 
0.70595 
0.76326 
0.58945 
1.13764 
0.75065 
0.57202 
0.77631 
0.26282 
0.54437 
0.64736 
0.77297 
0.62611 
1.45114 
1.04997 
1.08122 
1.04776 
0.65237 
0.93725 
0.87890 
0.81039 
0.49815 
0.40973 
0.95628 
0.47494 
0.56919 
0.29409 
1.04847 
1.08691 
1.15884 
1.10924 
0.77265 
1.39218 
1.61004 
1.22984 
0.86667 
0.57078 
0.54564 
0.89815 
1.01251 
0.86801 
1.10940 
0.93797 
1.07288 
1.45233 
0.84270 
0.89842 
1.30206 
0.66668 
0.65087 
0.81981 
0.23893 
0.53565 
0.82077 
0.11364 
0.60249 
0.75121 
0.88821 
0.48372 
0.94435 
0.72753 
0.86381 
1.03975 
1.01858 
0.61561 
1.14437 
0.86256 
0.62558 
0.25194 
0.37297 
0.66098 
0.48199 
0.56111 
0.30996 
1.39922 
0.11659 
-0.35706 
-0.21715 
-0.01537 
-0.07617 
-0.22005 
0.25039 
0.94152 
0.86683 
0.86854 
0.92458 
1.39882 
1.35446 
1.28159 
0.72933 
1.10546 
0.85482 
1.12290 
1.32329 
1.07207 
0.92314 
0.92695 
1.18072 
1.01173 
1.08313 
1.38030 
1.46015 
1.19916 
1.09754 
1.37793 
1.43146 
1.07462 
1.34361 
1.44343 
1.38281 
0.91678 
1.25413 
0.85068 
1.50339 
1.36271 
0.65271 
0.89491 
0.87881 
0.38161 
0.73281 
0.86117 
0.54323 
1.04670 
1.04973 
0.26579 
0.19224 
0.28970 
0.08819 
0.41155 
0.64689 
0.02367 
-0.29852 
-0.58189 
-0.32015 
-0.11678 
0.37001 
0.64249 
0.64015 
0.42149 
0.68990 
0.51766 
0.76705 
0.52353 
0.90081 
0.86656 
0.47422 
0.72986 
0.87571 
0.73221 
0.70506 
0.88966 
0.13445 
0.41260 
0.77303 
0.41320 
0.83981 
0.63674 
0.42316 
0.57424 
0.22509 
1.17273 
1.15421 
1.09596 
1.44546 
1.38125 
0.87078 
1.15341 
1.31548 
0.89373 
1.20312 
1.51155 
1.41594 
1.61270 
1.07854 
0.73707 
1.28063 
1.61030 
2.03404 
1.65276 
1.52456 
0.93667 
1.18390 
1.56666 
0.96708 
1.38093 
1.71227 
1.31599 
1.46327 
1.44485 
1.20687 
0.65437 
0.87185 
1.28180 
1.48668 
1.09036 
0.86668 
1.40490 
0.96724 
1.18525 
1.64489 
1.13749 
1.06551 
0.50169 
0.50997 
0.78265 
0.61844 
0.26124 
0.60874 
0.87883 
1.17793 
1.34815 
0.99733 
0.64866 
0.51691 
0.52690 
1.05983 
0.78046 
1.22119 
1.27497 
0.85524 
0.79191 
0.96941 
0.88074 
0.76283 
1.10833 
0.74409 
0.58830 
0.66505 
0.47243 
0.62937 
0.62867 
0.47894 
1.07074 
0.49820 
0.67906 
0.98594 
0.83919 
0.66753 
0.50872 
1.09494 
0.80699 
0.65088 
1.38385 
1.29089 
1.03384 
0.94004 
0.57142 
1.36426 
0.83110 
0.94716 
0.38332 
0.68604 
0.79924 
0.35228 
0.78063 
0.81709 
1.14448 
0.91755 
1.08514 
0.76773 
0.55400 
0.30669 
0.27235 
0.80227 
0.81797 
0.44060 
0.23770 
0.09189 
0.48060 
0.85278 
0.83968 
0.62329 
0.26522 
0.26099 
0.10523 
0.36281 
0.32155 
0.76532 
0.26702 
0.28399 
0.04096 
-0.26085 
-0.41836 
0.13795 
0.06556 
-0.07899 
-0.06606 
-0.86684 
0.08794 
-0.01817 
0.15423 
-0.26848 
0.07953 
0.04185 
-0.15408 
0.08890 
-0.60317 
-0.09282 
-0.47692 
-0.66906 
-0.36469 
-0.55417 
-0.74743 
-0.48675 
-0.22375 
-0.28742 
-0.26381 
0.10695 
0.11578 
0.01763 
-0.25879 
-0.28442 
-0.19387 
-0.21394 
-0.84329 
-0.85068 
-0.80434 
-0.67681 
-0.41294 
-0.84684 
-0.67686 
-0.36221 
-0.51145 
-0.82690 
-0.55612 
-0.84822 
-0.86309 
-0.70037 
-0.65154 
-0.73768 
-0.78382 
-0.81386 
-0.67852 
-0.41046 
-0.41669 
-0.23943 
-0.41882 
-0.41535 
-0.23695 
-0.16932 
-0.23615 
-0.34213 
-0.53102 
-0.37849 
-0.53729 
-0.39928 
-0.31011 
-0.53187 
-0.32318 
-0.21638 
-0.78794 
-0.51325 
-0.37887 
-0.36384 
-0.38385 
-0.72199 
-0.87992 
-0.41595 
-0.43187 
-0.26184 
-0.22111 
-0.38853 
-0.13391 
-0.27108 
-0.28386 
-0.41119 
-0.39045 
-0.04749 
-0.15455 
-0.38684 
0.30400 
-0.12112 
-0.01608 
0.03619 
0.38574 
0.18450 
0.20058 
0.16384 
-0.08352 
0.30812 
0.34550 
0.11979 
0.57418 
-0.00547 
0.11036 
-0.20551 
0.13609 
-0.03760 
-0.75238 
-0.37019 
-1.02914 
-0.70363 
-0.77904 
-0.42359 
-0.08837 
-0.43551 
-0.47239 
-0.64908 
-0.65886 
-0.45910 
-0.78125 
-1.31977 
-0.84734 
-0.84665 
-0.27408 
-0.17560 
0.15790 
-0.61292 
-0.36131 
-0.24993 
-0.05504 
0.00175 
-0.11189 
-0.17188 
0.03066 
-0.00581 
0.40798 
-0.01526 
-0.09144 
-0.14421 
-0.19667 
-0.22406 
0.13528 
0.03977 
-0.11799 
-0.29290 
-0.21737 
-0.16977 
0.05183 
-0.05465 
-0.06016 
-0.02570 
-0.06172 
0.06163 
0.46729 
-0.09908 
0.17002 
0.25562 
-0.07438 
-0.17992 
-0.02797 
0.00873 
-0.35063 
-0.12773 
-0.23198 
0.18767 
-0.14247 
-0.12579 
-0.42257 
-0.67464 
0.03682 
-0.20393 
-0.01608 
0.13929 
-0.03957 
0.04195 
0.04194 
0.17739 
-0.22162 
-0.12687 
-0.11691 
-0.39516 
-0.55520 
-0.12379 
0.20866 
-0.10339 
0.50860 
0.58015 
0.08012 
0.14347 
0.13499 
0.03751 
-0.29984 
0.05097 
0.33364 
0.33807 
-0.27911 
-0.29376 
-0.39527 
-0.11668 
0.02947 
-0.32793 
0.20598 
0.19278 
-0.13385 
0.06578 
-0.17323 
-0.10707 
-0.13155 
0.08931 
0.21592 
-0.11826 
-0.04509 
-0.09867 
0.02506 
0.26327 
0.14451 
0.17056 
-0.12146 
-0.25034 
-0.22508 
-0.53511 
-0.01024 
-0.17481 
0.18041 
-0.07687 
0.30477 
0.26174 
-0.31043 
-0.52389 
-0.50286 
-0.21310 
-0.49714 
-0.30196 
-0.10899 
-0.56072 
-0.32506 
-0.22222 
-0.21085 
0.09256 
0.04220 
-0.26769 
-1.17691 
-0.52691 
-0.31487 
-0.40855 
-0.10652 
-0.17362 
-0.45755 
-0.81893 
-0.47612 
-0.06362 
-0.20548 
0.06654 
0.28438 
-0.01324 
0.08734 
-0.02003 
-0.30531 
-0.23429 
0.03696 
-0.13238 
-0.21566 
0.00424 
0.19289 
0.09974 
0.08641 
0.19595 
-0.46651 
-0.10863 
-0.85431 
-0.08136 
-0.31003 
-0.40657 
-0.10115 
0.03081 
-0.15433 
-0.18421 
-0.41440 
-0.14943 
-0.19038 
-0.12437 
-0.60665 
-0.37508 
-0.57635 
-0.30379 
-0.40473 
-0.00653 
-0.40498 
-0.60388 
-0.67292 
-0.73199 
-0.83287 
-0.73412 
-0.35411 
-0.07633 
-0.29551 
-0.24538 
-0.33775 
-0.36403 
-0.12300 
-0.57801 
-0.62577 
-0.26515 
-0.26100 
-0.36606 
-0.04535 
-0.19287 
-0.12968 
-0.49325 
0.14733 
0.09673 
-0.54116 
-0.30322 
0.00215 
-0.37913 
-0.30425 
-0.43704 
-0.32919 
-0.06161 
-0.32532 
-0.82744 
-0.75818 
-0.35029 
-0.35447 
-0.48428 
-0.29925 
-0.28398 
0.02375 
0.02288 
-0.36078 
-0.15260 
-0.29196 
-0.46655 
-0.55069 
-0.53212 
-0.47303 
-0.14455 
-0.46311 
-0.76771 
-0.13133 
-0.12010 
-0.35252 
-0.06761 
-0.48285 
-0.42914 
-0.71818 
-0.90206 
-0.21935 
-0.47543 
-0.61701 
-0.35274 
0.08339 
-0.04083 
-0.06006 
-0.12618 
-0.06277 
-0.21787 
-0.08974 
-0.38424 
-0.19977 
-0.32527 
-0.40215 
-0.26224 
-0.30607 
-0.89170 
-0.49112 
-0.49536 
-0.71007 
-0.33108 
-0.50137 
-0.53930 
-0.58395 
-0.50043 
-0.45104 
-0.23817 
-0.17554 
-0.25477 
-0.42264 
-0.34234 
-0.57409 
-0.29825 
-0.28212 
-0.54239 
-0.23793 
-0.63960 
-0.59461 
-0.54444 
-0.58588 
-0.91735 
-0.91216 
-0.50394 
-0.26916 
0.06681 
-0.27085 
-0.58989 
-0.19378 
-0.34957 
0.03668 
-0.44614 
-0.42672 
-0.68332 
-0.18612 
-0.54386 
-0.29447 
0.02136 
0.05809 
-0.38575 
-0.35538 
0.11917 
-0.33871 
-0.20431 
-0.29629 
-0.25479 
0.05728 
-0.13854 
-0.33695 
0.03608 
-0.33810 
-0.41026 
-0.04930 
-0.51578 
0.25873 
-0.31860 
-0.33429 
-0.57499 
-0.52408 
-0.86397 
-0.59494 
-0.67232 
-0.46981 
-0.41107 
-0.20196 
0.02541 
-0.36352 
-0.49426 
-0.98046 
-0.41714 
-0.66026 
-0.79120 
-0.78144 
1.08670 
1.08183 
0.62617 
0.74791 
0.12123 
0.13741 
0.59145 
0.26219 
0.63653 
0.85171 
0.44758 
0.46457 
-0.22566 
0.76824 
0.60800 
0.97051 
1.13809 
1.35026 
0.94080 
0.90929 
0.24384 
0.18476 
-0.05939 
-0.08588 
-0.00649 
0.79497 
0.90724 
1.02105 
0.94688 
1.45302 
1.18336 
0.58173 
0.79725 
0.90028 
1.44169 
1.62958 
1.44455 
1.60420 
1.23870 
0.96416 
1.53018 
1.23962 
1.64058 
1.35316 
1.29015 
1.56543 
0.87987 
1.33759 
0.51584 
1.22253 
1.49774 
1.13245 
1.48755 
1.83753 
1.55293 
1.09902 
1.16933 
0.98853 
1.02619 
0.65120 
1.70391 
1.66127 
1.44757 
1.13752 
1.39722 
1.18793 
1.08456 
0.70891 
0.89916 
1.07853 
0.61416 
0.93337 
1.13668 
0.92176 
0.70012 
0.64358 
1.15339 
0.78517 
1.22523 
1.06285 
1.24054 
1.07047 
1.53569 
1.06023 
1.59964 
1.20970 
1.02382 
1.20338 
0.99797 
1.31527 
1.34622 
0.96353 
1.00940 
0.85343 
0.84724 
1.28359 
1.19645 
1.39669 
1.91767 
1.33860 
1.07397 
1.23845 
1.02016 
1.02925 
1.22285 
1.62004 
1.22134 
1.09327 
1.35174 
1.28468 
1.10867 
0.64686 
0.76089 
0.48722 
0.60284 
1.27152 
0.54387 
0.56595 
0.74456 
1.08637 
0.88096 
0.90181 
1.12450 
0.76564 
1.09007 
0.61124 
0.68103 
1.08043 
1.12535 
1.31072 
0.93540 
1.18210 
0.62089 
1.30874 
1.18756 
1.43197 
0.50530 
0.88705 
1.05653 
0.75266 
0.59719 
1.52974 
1.45609 
1.25196 
1.47962 
1.09156 
1.78615 
1.43936 
1.11737 
1.64603 
1.17504 
0.69059 
1.14719 
1.37314 
0.76981 
1.26114 
1.07566 
1.43231 
1.26716 
0.89502 
1.05369 
1.15147 
1.19138 
1.01616 
0.59973 
1.07427 
1.35294 
1.06628 
0.95529 
1.69887 
1.26063 
1.42183 
1.38593 
1.01495 
0.88801 
1.29247 
0.89131 
1.64749 
0.90630 
0.73619 
0.63954 
0.46542 
0.82268 
0.91282 
0.66637 
0.35376 
0.44989 
1.16837 
1.27849 
1.50687 
1.45194 
1.42037 
0.64580 
0.78331 
1.15689 
0.77795 
0.63746 
1.14106 
1.01065 
1.58873 
1.65409 
1.05484 
0.35045 
0.96479 
0.91648 
1.17253 
1.65137 
1.54331 
0.97342 
1.37966 
1.42952 
1.11627 
0.66994 
1.04907 
1.21314 
0.97622 
1.69469 
1.29480 
1.13216 
1.42698 
1.75161 
1.55185 
1.37452 
1.38940 
1.63576 
1.09966 
1.10171 
0.88915 
1.34681 
1.38140 
1.61975 
1.41018 
1.60465 
1.45431 
1.29949 
1.45133 
1.11631 
0.78260 
1.42313 
1.30779 
2.02960 
1.85507 
1.89303 
1.72510 
1.29587 
1.30333 
1.19527 
1.46596 
1.13526 
1.20899 
1.30652 
0.95822 
1.37376 
1.70093 
1.07933 
1.65998 
1.10681 
1.13592 
1.75018 
0.92116 
1.24371 
1.52266 
1.67984 
1.34449 
1.02693 
0.48939 
1.23833 
1.98956 
1.49643 
1.43642 
2.05166 
1.60156 
1.61509 
1.52793 
1.09502 
0.40881 
0.98214 
0.80355 
0.64400 
0.99200 
0.48196 
0.66389 
0.90927 
0.63925 
0.59116 
1.23933 
0.99608 
1.20754 
1.27960 
1.36125 
1.21137 
1.01114 
0.71152 
0.78596 
1.30652 
1.03067 
1.42949 
0.77748 
1.13973 
1.64784 
1.57274 
1.55415 
1.29462 
0.85278 
0.90522 
0.31074 
0.89978 
0.72211 
0.94355 
1.52728 
1.58172 
1.38493 
1.72400 
1.46123 
1.78923 
1.43181 
1.34174 
1.12837 
1.38163 
1.02533 
0.91847 
0.27065 
0.89505 
1.00327 
0.60569 
0.06569 
0.73103 
1.06589 
1.27077 
1.04982 
1.28614 
0.76864 
0.32752 
1.04152 
0.82941 
1.02733 
0.41591 
1.02908 
0.95660 
1.42415 
0.63560 
1.35185 
0.67012 
1.16672 
1.69163 
1.99232 
1.70857 
1.45476 
1.03047 
1.58772 
1.62713 
1.61623 
0.98220 
1.30577 
1.55045 
1.20129 
1.58706 
1.72277 
1.29180 
1.54683 
1.30514 
1.73125 
1.18014 
0.96359 
1.30107 
1.32572 
1.50099 
1.21070 
1.07632 
0.56046 
1.14223 
0.98770 
1.11835 
1.36253 
1.56713 
1.77719 
1.64948 
1.80929 
1.49178 
2.06976 
1.62303 
1.26456 
1.07696 
1.80620 
1.83969 
1.70394 
1.70625 
1.05829 
0.76433 
0.78033 
0.89773 
0.26501 
0.64645 
0.94077 
1.71627 
1.24527 
1.01049 
1.05416 
1.26394 
1.82106 
1.49331 
0.70200 
1.28038 
1.57218 
1.33585 
1.24021 
1.50002 
1.37938 
1.65159 
1.38227 
1.10394 
1.33387 
1.61371 
1.54915 
1.34956 
1.37667 
1.90690 
1.21663 
1.15045 
1.64704 
1.66233 
1.32844 
1.15921 
1.94321 
1.92126 
1.47140 
2.32667 
1.55630 
1.41472 
1.67091 
1.19449 
1.52067 
0.75667 
1.09648 
1.17892 
1.20424 
1.16726 
0.98783 
0.77500 
1.44230 
1.15221 
1.06553 
0.92131 
1.31989 
1.34555 
0.76621 
1.23698 
1.17249 
1.46635 
1.27463 
1.53283 
1.83813 
1.43730 
1.24327 
1.01549 
1.61519 
1.24948 
1.03644 
0.71636 
0.81210 
0.74472 
0.57282 
0.57243 
1.14595 
0.94303 
1.06012 
0.73372 
0.89824 
0.47561 
0.77088 
0.81896 
1.29663 
1.31826 
1.60689 
1.32283 
1.07203 
1.19324 
1.48218 
1.56468 
0.83720 
0.38137 
0.56545 
1.29603 
1.66061 
1.41194 
1.83161 
1.90753 
1.61185 
1.30354 
1.73024 
1.35555 
0.92985 
1.38556 
1.33515 
1.42331 
1.73158 
1.31145 
1.09630 
0.82627 
1.33453 
1.46304 
1.82225 
1.32827 
1.22794 
1.21167 
1.04464 
2.06037 
1.48415 
1.43080 
1.03630 
0.92616 
0.42351 
0.47377 
0.65267 
1.35783 
1.23274 
1.23654 
1.70770 
1.69892 
1.89274 
1.63042 
1.09215 
0.82882 
0.91294 
0.64450 
1.64843 
1.33304 
0.99707 
1.25023 
1.45887 
0.93097 
1.44450 
1.85656 
1.29741 
0.90926 
1.07267 
1.20532 
1.09926 
1.31391 
1.61400 
1.21139 
1.73555 
1.50724 
1.35535 
1.37587 
0.78137 
0.96287 
0.76159 
1.38865 
1.63248 
1.34851 
1.04392 
1.72716 
1.62141 
0.96959 
0.69505 
1.31502 
1.16758 
1.22254 
1.48754 
1.08490 
0.78417 
0.97315 
1.25279 
0.59912 
0.14665 
0.37962 
0.24061 
1.06814 
1.03224 
1.38692 
1.46622 
1.55906 
0.97408 
1.42563 
1.03278 
0.52632 
-0.02486 
0.45067 
0.50949 
1.00843 
1.21918 
1.46218 
1.38682 
1.31468 
2.03861 
1.27233 
1.45567 
1.34344 
1.74566 
1.34898 
1.42558 
1.70800 
0.90634 
1.46733 
2.29908 
1.67147 
1.26590 
1.30958 
1.76128 
1.24177 
1.74254 
1.24333 
1.20894 
0.80287 
1.00089 
1.36239 
1.07012 
1.07177 
1.26115 
0.92513 
1.10456 
1.10086 
1.39604 
1.01988 
1.37402 
1.06372 
1.35517 
1.18885 
1.27995 
1.43167 
1.66224 
1.42375 
0.86248 
1.85654 
0.86203 
1.02384 
0.47354 
0.27205 
0.48798 
0.98019 
1.56236 
1.92885 
1.61444 
1.62031 
1.61454 
1.73003 
1.68086 
1.62479 
0.92548 
1.04821 
0.81169 
1.03758 
1.12278 
0.66047 
1.24118 
0.87174 
1.10812 
1.08475 
1.82040 
0.83808 
1.36175 
1.06045 
0.62488 
0.64977 
0.31315 
0.38643 
1.04252 
0.83870 
0.73227 
1.13216 
0.98899 
1.08076 
1.22402 
1.46445 
1.39801 
1.44568 
0.90881 
1.38708 
1.54763 
1.44014 
1.44210 
1.92432 
1.05656 
1.09249 
1.62664 
0.80851 
0.84223 
1.11635 
0.31783 
1.39763 
0.78362 
0.70887 
0.89431 
1.10483 
1.23408 
0.55577 
0.66803 
0.52987 
1.68223 
1.31643 
1.05390 
1.52921 
1.26816 
1.60784 
1.18180 
1.18429 
1.14567 
1.22467 
0.96567 
1.36509 
1.20706 
1.33819 
0.99013 
0.89320 
1.29536 
1.28489 
1.81576 
0.83062 
1.24618 
0.87501 
0.85751 
1.03522 
1.16785 
1.11062 
1.46284 
1.01606 
0.58680 
0.84514 
0.81674 
0.31238 
0.82470 
1.22064 
0.79038 
0.77954 
0.85540 
0.73120 
0.90754 
0.80752 
1.04849 
0.63346 
0.80021 
0.90298 
0.96239 
0.87261 
0.51708 
1.14550 
0.71688 
0.24600 
0.43993 
0.82395 
0.96515 
1.40635 
1.40021 
1.23268 
1.20570 
1.18816 
1.42598 
1.13359 
0.67326 
1.23822 
1.03438 
1.03466 
1.04444 
1.05020 
0.89239 
0.92934 
0.81775 
0.62003 
0.45232 
0.19900 
0.56425 
0.67929 
0.46454 
0.24440 
0.02989 
0.34993 
0.64944 
0.79462 
0.98571 
1.06830 
0.99152 
1.21130 
0.84032 
1.23487 
1.17239 
1.39298 
0.95962 
1.07292 
1.19700 
1.11847 
1.67743 
1.20412 
1.20313 
1.22155 
1.22606 
1.50200 
1.65795 
1.80468 
2.06478 
1.63252 
1.69406 
2.07045 
1.53514 
1.54864 
1.08236 
0.86294 
1.00787 
1.55969 
1.49857 
1.35605 
1.16688 
1.37047 
1.02815 
1.08872 
0.55590 
0.54868 
0.66787 
0.89204 
1.13456 
1.25133 
1.29449 
1.34165 
1.47938 
1.01220 
0.89007 
1.05830 
1.56982 
1.24623 
1.40543 
1.68775 
0.94247 
1.16079 
1.37936 
1.37500 
0.82556 
0.73736 
0.52884 
1.37588 
0.68157 
0.49171 
0.79565 
0.97261 
0.32380 
0.28737 
1.06680 
0.23644 
0.70567 
0.46667 
0.26081 
0.86774 
0.67896 
0.22835 
0.96900 
0.52030 
0.44582 
0.58317 
0.78273 
0.40076 
0.83272 
0.90451 
1.09756 
0.70853 
1.00301 
1.10377 
1.63728 
0.82153 
0.84863 
1.15022 
0.23119 
0.66565 
1.10464 
0.45334 
0.55925 
0.25630 
0.55449 
1.02658 
0.36914 
0.48227 
0.39622 
1.03627 
1.30428 
0.74456 
0.04345 
0.75470 
0.78682 
0.30933 
0.99595 
1.07465 
0.20096 
0.88645 
1.01440 
1.09579 
0.72879 
0.73702 
0.61207 
0.24893 
0.85376 
1.14633 
1.03177 
1.41619 
1.26537 
1.33741 
0.81780 
1.07491 
0.98369 
0.74099 
1.61696 
1.19256 
1.55161 
1.26278 
1.11539 
1.28252 
1.08568 
1.34876 
1.22389 
0.69895 
1.51967 
1.22522 
1.93527 
1.47515 
1.09180 
1.13391 
1.36473 
1.56095 
1.23584 
1.31575 
1.90890 
1.16532 
0.72246 
1.17353 
1.29605 
1.20115 
1.58461 
1.27307 
1.35791 
1.07160 
1.35875 
1.42984 
1.10349 
1.28147 
1.21058 
1.84662 
1.19481 
1.24389 
0.18751 
1.23604 
0.30241 
1.00701 
1.14807 
0.40864 
0.83006 
1.32434 
1.25794 
1.40379 
0.92772 
1.26351 
1.81177 
1.71164 
1.59161 
1.50560 
1.73056 
1.87618 
1.67319 
1.29126 
1.67094 
1.70660 
1.22032 
1.82712 
1.41724 
1.67003 
1.15575 
1.58157 
0.94923 
1.44650 
1.29067 
1.80741 
1.33422 
1.24518 
1.19062 
1.26766 
0.45710 
0.87961 
0.57995 
0.61148 
0.88942 
0.09655 
0.67617 
1.04148 
1.01146 
1.15269 
1.37751 
0.89066 
1.32664 
1.12641 
0.58685 
0.82283 
1.16564 
0.49107 
1.24237 
0.87916 
1.21394 
1.26012 
1.18847 
1.33673 
1.15643 
0.98109 
1.04968 
1.56296 
0.92751 
1.15926 
1.17646 
0.58876 
1.09548 
1.68415 
1.31591 
0.72803 
0.70775 
0.45941 
0.79548 
0.80731 
0.79480 
0.24289 
0.60034 
1.02037 
1.31207 
0.31074 
0.65953 
1.29020 
1.23476 
1.17314 
1.26304 
0.45309 
1.00365 
0.36969 
0.59297 
0.94176 
1.14272 
1.35282 
1.45775 
1.22378 
1.36844 
1.29878 
1.07412 
1.03516 
1.13716 
1.06042 
1.10749 
0.91403 
1.14337 
0.83427 
0.90085 
0.58544 
0.76101 
0.92233 
1.01126 
0.58743 
0.62664 
0.48567 
-0.37942 
0.30243 
0.11579 
0.48719 
0.02883 
0.16650 
0.18526 
0.08134 
0.06562 
0.33509 
0.51296 
0.20518 
0.05028 
0.38419 
0.97168 
0.56637 
1.13884 
1.04604 
0.81176 
0.98167 
0.97804 
0.45312 
1.08043 
0.97963 
0.21956 
0.54055 
1.08016 
0.49381 
0.67855 
0.29303 
0.35634 
1.13969 
0.62138 
0.48300 
0.44299 
-0.39019 
-0.79353 
-0.32082 
0.02669 
-0.03208 
0.01177 
0.19593 
0.05700 
0.22919 
-0.14670 
0.48611 
0.66376 
-0.27029 
0.09037 
0.16107 
0.58548 
0.57418 
0.26699 
0.30571 
-0.11800 
-0.32154 
-0.65679 
0.07895 
-0.14047 
-0.10265 
-0.18245 
-0.13835 
-0.20942 
-0.39374 
-1.06353 
-0.48077 
-0.59669 
-0.55699 
-0.86361 
-1.12826 
-0.52794 
-0.46355 
-0.03909 
-0.70179 
-0.51164 
-0.07007 
-0.66372 
-0.13047 
-0.46297 
-0.39050 
-0.31911 
-0.11992 
-0.68343 
-0.32189 
-0.39613 
-0.31474 
0.02592 
-0.43487 
-0.47081 
-0.22720 
0.49427 
-0.42001 
-0.29243 
-0.52712 
-0.67488 
-0.28565 
0.30158 
0.54492 
-0.18514 
0.03791 
-0.27127 
-0.34695 
-0.77075 
-1.28900 
-0.55927 
-0.14043 
-0.00096 
-0.56794 
-0.64591 
-0.84845 
-0.67802 
-0.79945 
-0.93115 
-0.47913 
-0.81553 
-1.06564 
-0.79874 
-0.73494 
-0.85801 
-0.99359 
-1.05104 
-1.74522 
-1.92886 
-1.51234 
-1.90665 
-1.97161 
-1.69413 
-0.85068 
-1.37250 
-1.25838 
-0.77920 
-1.46213 
-1.51226 
-1.59339 
-1.35172 
-1.44921 
-1.52376 
-1.26570 
-1.33858 
-1.54961 
-1.76150 
-2.08420 
-1.46366 
-1.86135 
-1.52187 
-1.78778 
-1.67335 
-1.25432 
-1.76606 
-1.47349 
-1.15410 
-0.64451 
-0.61534 
-0.69462 
-1.14193 
-1.25851 
-1.82288 
-1.11439 
-0.85058 
-1.29036 
-1.15742 
-1.58139 
-1.65040 
-1.46864 
-0.79234 
-0.96226 
-1.62475 
-1.21560 
-1.25163 
-1.71018 
-1.45489 
-1.02977 
-0.46368 
-0.87872 
-0.35655 
-0.53746 
-1.23202 
-1.35644 
-0.74953 
-1.21614 
-1.42353 
-1.41363 
-0.82205 
-0.91634 
-0.74724 
-0.70338 
-0.17737 
-0.21387 
-0.30711 
0.06506 
-0.08481 
0.22592 
0.13109 
0.15076 
0.11456 
0.12308 
0.05203 
0.32114 
0.09524 
-0.37576 
0.76225 
0.33863 
0.13503 
0.40338 
0.22037 
0.29394 
-0.00985 
0.40808 
0.93419 
0.72817 
1.30664 
1.18277 
1.20252 
0.85377 
0.47409 
0.74729 
0.29314 
0.59358 
0.33489 
0.32599 
0.72002 
0.33516 
0.49693 
0.54509 
0.32492 
0.70457 
0.88752 
0.36992 
0.06898 
0.48261 
0.27528 
0.57264 
0.48190 
1.02811 
0.31959 
0.37736 
-0.00601 
0.19093 
-0.41445 
0.20668 
0.19668 
-0.00374 
0.51916 
0.94114 
1.06753 
-0.01701 
0.14878 
0.41026 
0.02636 
-0.18473 
-0.20985 
0.15655 
0.12966 
0.46029 
0.47322 
-0.20783 
-0.67489 
-0.35318 
-0.20709 
-0.00713 
0.44391 
-0.15763 
-0.50817 
-0.13881 
-0.35258 
-0.58894 
-0.37840 
-0.32840 
-0.66653 
-0.27660 
-0.19748 
-0.62400 
-0.82951 
-1.10017 
-0.90435 
-0.96856 
-1.16404 
-0.65057 
-1.08620 
-0.76864 
-1.28986 
-1.07780 
-1.25790 
-0.99647 
-1.72423 
-1.73998 
-1.48113 
-1.22458 
-1.55088 
-1.25685 
-0.67300 
-1.09929 
-0.62998 
-0.77514 
-1.00737 
-0.94901 
-0.96594 
-0.79194 
-0.86129 
-1.04811 
-1.25368 
-0.86839 
-1.31358 
-0.82910 
-1.28348 
-0.88031 
-1.38829 
-0.68462 
-0.72856 
-1.34933 
-1.90579 
-1.65385 
-1.65798 
-1.44614 
-2.26072 
-2.02940 
-1.35454 
-1.76051 
-1.53957 
-1.62119 
-2.05092 
-1.48471 
-1.81338 
-1.41234 
-0.74833 
-1.04279 
-1.52647 
-1.64591 
-1.69197 
-1.87684 
-1.37096 
-2.13490 
-1.99470 
-1.84363 
-2.16064 
-1.89703 
-2.61209 
-2.03903 
-2.47011 
-2.15197 
-1.80450 
-2.61553 
-2.00435 
-1.33776 
-1.34201 
-1.39574 
-1.82202 
-1.84859 
-2.07388 
-2.27306 
-2.34590 
-2.48004 
-1.26678 
-1.53713 
-1.69724 
-1.17971 
-1.52712 
-2.34904 
-2.42526 
-1.32770 
-1.60655 
-0.91881 
-1.39153 
-2.01687 
-1.74355 
-2.03947 
-2.04818 
-1.13013 
-1.11682 
-1.55901 
-1.18304 
-1.43387 
-1.70843 
-2.53523 
-2.38343 
-1.95546 
-1.98731 
-1.54827 
-1.48383 
-1.03816 
-1.25265 
-1.46718 
-1.29032 
-0.80304 
-1.13419 
-1.06952 
-1.10471 
-1.22810 
-0.76189 
-1.10689 
-1.33919 
-1.74767 
-1.09604 
-1.31417 
-1.26130 
-0.54355 
-0.64594 
-0.05251 
-0.27838 
-0.51096 
-0.67192 
-0.19510 
-0.36271 
-0.35089 
-0.68859 
-0.58091 
-0.54368 
-1.13684 
-0.79125 
-0.55500 
-1.06614 
-1.26131 
-1.12648 
-1.04087 
-1.57195 
-1.64238 
-1.30838 
-2.09273 
-1.42116 
-1.21972 
-1.94862 
-1.68771 
-1.31683 
-1.75485 
-2.11661 
-2.27057 
-2.48396 
-2.47092 
-2.17739 
-1.84025 
-1.97764 
-2.19379 
-1.71569 
-2.64991 
-2.72255 
-1.64754 
-2.41416 
-2.56700 
-2.39427 
-2.07924 
-2.22864 
-1.73480 
-2.27987 
-1.92065 
-2.07887 
-1.50320 
-1.95890 
-2.24677 
-2.76366 
-2.52237 
-2.48804 
-2.19585 
-2.19568 
-1.82727 
-2.33943 
-1.85062 
-1.84605 
-1.91619 
-2.28578 
-2.52346 
-2.73877 
-2.79238 
-2.64781 
-2.27614 
-1.74139 
-2.03522 
-2.39550 
-2.60254 
-2.15243 
-2.24531 
-2.74036 
-2.44664 
-2.75279 
-2.70813 
-2.36271 
-2.23552 
-2.27345 
-2.00781 
-1.85562 
-1.20684 
-1.67206 
-1.81455 
-1.67181 
-2.21909 
-2.42787 
-2.25508 
-2.65061 
-2.68706 
-2.49968 
-1.73617 
-1.90695 
-1.73924 
-2.13752 
-2.14633 
-2.49022 
-2.33860 
-2.57790 
-2.77809 
-2.46716 
-2.43751 
-2.32306 
-1.84005 
-2.27722 
-2.13578 
-1.77010 
-2.24470 
-2.68573 
-2.19608 
-2.49213 
-2.49045 
-2.28449 
-2.33539 
-2.50132 
-1.75316 
-2.15618 
-2.21711 
-2.24109 
-2.38818 
-2.57221 
-2.18955 
-2.51687 
-2.29395 
-2.42579 
-2.36005 
-1.98326 
-2.24113 
-1.85232 
-2.22964 
-2.66936 
-2.32194 
-2.26455 
-2.70270 
-2.36228 
-2.01063 
-2.22677 
-2.20215 
-2.33659 
-2.68242 
-2.62735 
-2.03341 
-2.38637 
-2.56742 
-2.45264 
-2.19671 
-2.13265 
-2.24465 
-2.25498 
-2.11626 
-2.35050 
-2.48353 
-2.74643 
-2.80853 
-2.72325 
-2.73052 
-2.95223 
-2.57590 
-2.52618 
-2.53363 
-2.16544 
-2.53363 
-2.44465 
-2.78683 
-2.37044 
-2.80657 
-2.68789 
-2.46782 
-2.79767 
-1.97049 
-2.02662 
-2.21626 
-2.39613 
-2.79297 
-2.72582 
-2.03541 
-2.17208 
-2.31446 
-2.43394 
-2.36220 
-2.50346 
-2.59347 
-2.25029 
-1.87007 
-2.11115 
-2.45839 
-1.84514 
-2.18460 
-2.45421 
-2.27648 
-2.16895 
-2.55354 
-2.28456 
-2.25450 
-2.28344 
-2.33223 
-2.59382 
-2.43205 
-2.23166 
-2.38037 
-2.26309 
-2.23935 
-2.62254 
-2.47784 
-2.11937 
-2.06970 
-2.04366 
-2.41335 
-2.33744 
-1.90354 
-1.76097 
-1.57224 
-1.62655 
-2.32406 
-2.86720 
-2.15362 
-1.95962 
-2.47764 
-2.42731 
-2.37855 
-2.15044 
-2.25085 
-1.94100 
-2.31577 
-1.94224 
-1.67612 
-2.32403 
-2.04695 
-2.12803 
-1.92492 
-2.63567 
-2.48749 
-1.99657 
-1.83394 
-2.37391 
-2.33884 
-1.98700 
-2.17275 
-2.75698 
-2.34476 
-2.12171 
-2.74128 
-2.91045 
-2.54099 
-2.73656 
-2.86531 
-2.73862 
-2.07866 
-2.88953 
-2.51988 
-1.95416 
-2.18761 
-2.20388 
-2.26217 
-2.02765 
-2.09720 
-2.46269 
-2.37899 
-1.62953 
-1.81613 
-1.95997 
-2.56494 
-2.18516 
-2.16627 
-3.30935 
-2.30421 
-2.37888 
-2.70725 
-2.65176 
-2.73218 
-3.23256 
-3.53762 
-3.14707 
-3.43017 
-3.32144 
-3.39451 
-3.15018 
-2.74518 
-2.55160 
-2.75776 
-2.94430 
-3.24657 
-3.19514 
-3.48389 
-3.83202 
-3.44885 
-3.51071 
-2.97850 
-3.22518 
-3.05950 
-2.98479 
-2.78138 
-2.49342 
-2.94923 
-2.86709 
-2.78370 
-2.79462 
-3.36665 
-2.86251 
-2.73317 
-2.69335 
-2.84890 
-2.62747 
-3.58417 
-2.92406 
-3.14026 
-3.58089 
-3.03320 
-2.81080 
-2.79033 
-3.06910 
-3.06700 
-2.82594 
-2.31645 
-2.87133 
-3.96486 
-3.18878 
-3.91800 
-3.19930 
-3.08337 
-3.35959 
-3.25200 
-3.57073 
-3.25399 
-3.39087 
-3.23516 
-3.04069 
-2.85538 
-2.45275 
-2.68082 
-2.96339 
-2.67827 
-2.44744 
-2.56737 
-2.39189 
-2.47227 
-2.14738 
-2.27384 
-2.45733 
-2.96294 
-2.85619 
-2.79929 
-2.54475 
-2.77426 
-2.63121 
-3.09478 
-2.58028 
-2.48381 
-2.02680 
-2.19377 
-1.89222 
-2.23656 
-1.89995 
-2.05471 
-1.90108 
-2.15760 
-1.63078 
-1.97696 
-2.17698 
-2.73599 
-2.56602 
-2.14252 
-2.01793 
-2.99324 
-3.00280 
-2.71738 
-2.87858 
-2.23584 
-2.41894 
-2.40483 
-2.60876 
-1.99571 
-2.24415 
-2.30942 
-2.19575 
-2.01810 
-1.93123 
-1.95749 
-1.76011 
-2.13690 
-1.66470 
-1.32177 
-1.19662 
-1.70350 
-2.11904 
-2.49852 
-2.46099 
-1.99691 
-3.18515 
-2.68688 
-3.16088 
-2.32176 
-2.23194 
-2.12798 
-2.25576 
-1.58633 
-1.80697 
-2.20376 
-1.88536 
-1.73874 
-2.08853 
-2.37306 
-2.08572 
-2.33644 
-1.87880 
-1.67097 
-2.34448 
-1.43350 
-1.37434 
-1.92329 
-1.25263 
-1.02474 
-1.29344 
-1.03445 
-1.36216 
-1.76010 
-2.72566 
-2.01183 
-1.50484 
-1.68688 
-0.83592 
-1.22957 
-1.69961 
-1.80724 
-2.04786 
-2.23448 
-2.09984 
-1.80795 
-2.11789 
-1.55061 
-1.47967 
-2.02052 
-1.98027 
-2.00963 
-2.00361 
-2.04011 
-2.23943 
-2.84085 
-2.41528 
-2.71332 
-2.06864 
-2.02318 
-2.45968 
-2.84729 
-2.41498 
-2.89164 
-2.12082 
-1.95155 
-2.11563 
-2.32384 
-2.72197 
-2.96673 
-2.79647 
-2.22706 
-2.26584 
-2.52415 
-2.31049 
-2.49890 
-2.48868 
-2.50796 
-3.11317 
-2.97272 
-2.65728 
-2.61332 
-2.35573 
-2.59949 
-2.86244 
-2.43062 
-2.93341 
-3.48420 
-3.48740 
-3.18717 
-2.88480 
-2.56107 
-2.71009 
-2.37782 
-2.35532 
-2.70152 
-2.87216 
-2.89124 
-2.67277 
-2.78494 
-3.40614 
-4.15077 
-3.99004 
-4.11006 
-3.98736 
-3.72708 
-3.56872 
-3.41436 
-4.19050 
-4.29675 
-4.14785 
-4.61127 
-4.52109 
-4.38230 
-4.26065 
-4.61139 
-4.26263 
-4.15979 
-4.26476 
-4.39457 
-4.26909 
-4.41191 
-4.16813 
-3.55905 
-3.43320 
-3.83446 
-3.80860 
-3.81715 
-4.06775 
-3.96707 
-4.06459 
-3.91897 
-3.68219 
-3.78399 
-3.93793 
-3.49883 
-3.53108 
-3.76575 
-3.31444 
-3.45907 
-3.68820 
-3.48532 
-3.24176 
-2.92424 
-3.89895 
-3.53732 
-3.19616 
-3.25846 
-3.19996 
-4.01824 
-3.33729 
-3.39156 
-3.47333 
-3.57318 
-3.51121 
-3.90318 
-3.56434 
-4.60027 
-4.29060 
-4.20909 
-4.12946 
-4.24755 
-4.69059 
-4.01243 
-4.06767 
-4.23608 
-3.42253 
-3.45755 
-3.47802 
-3.76832 
-3.91663 
 
-0.29792 
-0.74236 
-1.47636 
-2.13506 
-1.85177 
-1.27781 
-1.16170 
-0.74395 
-1.36632 
-1.23513 
-0.94677 
-1.53729 
-1.51780 
-1.50542 
-1.55236 
-1.61586 
-1.39311 
-1.54412 
-1.55671 
-1.58128 
-1.41587 
-1.40515 
-1.72701 
-1.72501 
-1.46913 
-1.70140 
-1.44704 
-1.42560 
-1.59718 
-1.64655 
-1.69869 
-1.35157 
-1.45549 
-1.65182 
-1.41542 
-1.48644 
-1.59131 
-1.15648 
-1.35574 
-1.58322 
-1.57002 
-1.52339 
-1.79162 
-1.75651 
-1.59806 
-1.70982 
-1.40637 
-1.37726 
-1.40272 
-1.22214 
-1.02007 
-1.31721 
-0.90227 
-1.62395 
-0.92036 
-0.87361 
-1.62806 
-1.41609 
-1.44800 
-1.48093 
-0.71343 
-1.09199 
-1.14383 
-1.25162 
-1.07218 
-1.24663 
-1.41371 
-0.71830 
-1.09295 
-0.53240 
-1.05191 
-1.05398 
-0.91804 
-0.90344 
-0.84239 
-0.81365 
-1.26145 
-1.60206 
-1.22341 
-1.03017 
-0.79694 
-1.15179 
-0.71432 
-1.12719 
-1.07252 
-1.60003 
-1.76562 
-1.41724 
-1.85926 
-1.61528 
-1.46848 
-1.81598 
-1.52613 
-1.58936 
-1.86509 
-2.00865 
-1.40482 
-1.34527 
-2.03379 
-2.04532 
-1.73536 
-1.49170 
-1.67402 
-1.54581 
-1.84536 
-1.62335 
-1.68602 
-1.69038 
-1.81659 
-1.77977 
-1.87564 
-1.82963 
-1.48467 
-1.62493 
-1.21328 
-1.30509 
-1.37408 
-1.19007 
-1.38479 
-1.51311 
-1.65893 
-1.40646 
-1.33239 
-1.00322 
-1.25107 
-1.28091 
-1.39986 
-1.12260 
-1.39006 
-1.30060 
-1.08455 
-1.48816 
-1.15206 
-0.82635 
-0.94352 
-1.36553 
-1.08134 
-1.62659 
-1.38833 
-1.83522 
-2.00042 
-1.86536 
-1.43532 
-1.55350 
-1.65419 
-1.47717 
-1.95595 
-1.61157 
-1.31450 
-1.46907 
-1.43978 
-1.17060 
-1.31274 
-1.59032 
-1.19530 
-1.45193 
-1.76798 
-1.23195 
-1.17364 
-1.15696 
-1.07098 
-1.19433 
-1.22595 
-1.07062 
-0.89791 
-1.29512 
-1.28096 
-1.18737 
-1.16360 
-0.89480 
-1.39896 
-1.36082 
-1.46124 
-0.89496 
-1.22118 
-1.09943 
-1.17556 
-0.78948 
-0.89803 
-0.77756 
-1.06731 
-1.02378 
-1.23122 
-1.12830 
-0.82497 
-0.81595 
-1.42830 
-1.05054 
-1.20999 
-0.66379 
-0.57286 
-0.77458 
-0.95113 
-0.69739 
-1.26906 
-0.96466 
-0.85652 
-1.48727 
-1.63814 
-1.81992 
-1.52109 
-1.30656 
-1.37813 
-1.09418 
-0.72906 
-0.57755 
-1.35539 
-1.75683 
-1.17346 
-1.43507 
-1.12891 
-1.44569 
-1.21226 
-1.20454 
-1.23823 
-1.13416 
-0.83725 
-0.84372 
-0.90872 
-1.28162 
-1.07823 
-0.76086 
-1.28664 
-1.28082 
-1.55035 
-1.29192 
-1.82909 
-1.74419 
-1.14811 
-1.59915 
-1.09632 
-1.50086 
-1.06301 
-1.08150 
-1.26731 
-1.13467 
-1.56246 
-1.87647 
-1.70119 
-1.79421 
-1.94255 
-1.46795 
-1.00546 
-1.11072 
-1.23361 
-1.37720 
-1.16194 
-1.20339 
-1.62594 
-1.51099 
-1.60304 
-1.42418 
-1.47925 
-1.25743 
-1.04387 
-1.09797 
-1.08388 
-1.36013 
-1.12320 
-1.25655 
-1.63900 
-1.53038 
-1.32491 
-1.33689 
-1.09584 
-1.48749 
-0.99914 
-1.23605 
-1.34792 
-1.62904 
-1.46397 
-1.23376 
-1.19338 
-1.31703 
-1.30600 
-1.23482 
-0.87815 
-1.06952 
-1.10339 
-1.37634 
-1.38441 
-1.16841 
-1.76951 
-1.28466 
-1.15337 
-1.66861 
-1.83737 
-1.27619 
-1.61252 
-1.45630 
-1.57832 
-1.33478 
-1.82111 
-1.53817 
-1.78711 
-1.56317 
-1.56777 
-1.45360 
-1.50289 
-1.31828 
-1.43316 
-1.39454 
-1.72489 
-1.20276 
-1.06004 
-1.72205 
-1.74584 
-1.34865 
-1.57397 
-1.33952 
-1.76622 
-1.31439 
-0.99834 
-0.61045 
-1.33127 
-1.59904 
-1.38173 
-1.40588 
-1.65369 
-1.28777 
-1.39419 
-1.68254 
-1.76439 
-1.46359 
-0.95271 
-1.49822 
-1.55414 
-1.57569 
-1.57101 
-1.78167 
-1.65395 
-1.44665 
-1.56649 
-1.63374 
-2.06991 
-1.80677 
-1.59295 
-1.88325 
-1.31925 
-1.63606 
-1.29923 
-1.41580 
-1.39801 
-1.08611 
-1.58333 
-1.20041 
-1.56590 
-1.53287 
-1.58847 
-1.35330 
-1.68072 
-1.34454 
-1.40918 
-1.60202 
-1.51208 
-1.91450 
-1.72333 
-1.31695 
-1.75894 
-1.62932 
-1.63592 
-1.39281 
-1.15514 
-1.82642 
-1.65281 
-1.70599 
-1.48120 
-1.12848 
-1.42809 
-1.53595 
-1.21173 
-1.54071 
-1.34991 
-1.40764 
-1.15032 
-1.31414 
-1.47580 
-1.37306 
-1.45101 
-1.42894 
-1.38967 
-1.59402 
-1.49387 
-1.12378 
-1.19238 
-1.86381 
-1.44996 
-1.40491 
-1.41888 
-1.09636 
-1.48622 
-1.79653 
-1.65849 
-0.85807 
-0.88173 
-0.88125 
-0.98850 
-1.55483 
-1.19421 
-0.75659 
-1.09790 
-1.23589 
-1.08928 
-1.21085 
-1.64679 
-1.20254 
-1.12248 
-1.36609 
-1.74719 
-1.49041 
-1.56893 
-1.44729 
-1.40559 
-1.35132 
-1.48363 
-0.98357 
-1.05017 
-0.83758 
-0.95581 
-0.95610 
-0.83423 
-1.04471 
-0.88755 
-0.94154 
-0.87467 
-1.04812 
-0.92476 
-0.37999 
-0.93239 
-0.79166 
-1.06862 
-1.12137 
-1.27014 
-0.79659 
-0.95584 
-1.21177 
-1.27816 
-1.11576 
-1.07359 
-0.64291 
-0.80612 
-0.74160 
-0.65632 
-0.28259 
-0.54669 
-0.86454 
-0.68882 
-1.15216 
-0.88639 
-1.04621 
-0.75593 
-0.65965 
-0.61683 
-1.02095 
-1.06626 
-0.40127 
-0.25840 
-0.48084 
-0.66667 
-0.66916 
-0.64771 
-0.49828 
-0.42447 
-0.86717 
-0.76125 
-0.34459 
-0.74472 
-0.79109 
-1.12115 
-0.92651 
-1.12634 
-1.15546 
-0.89241 
-0.85787 
-1.47060 
-1.39309 
-0.90004 
-0.60860 
-0.57988 
-0.03736 
-0.32695 
-0.67786 
-0.44432 
-1.14047 
-1.22991 
-1.19781 
-1.30350 
-0.87473 
-0.48641 
-0.88845 
-0.14617 
-0.72462 
-0.84854 
-0.61610 
-0.82554 
-0.70058 
-0.87243 
-0.34427 
-1.08811 
-0.85330 
-0.43570 
-0.76035 
-0.89248 
-0.39773 
-0.59136 
-1.04197 
-1.13450 
-0.80950 
-0.93886 
-0.59171 
-0.50639 
-0.67972 
-0.68099 
-0.83364 
-0.98424 
-0.71038 
-0.88936 
-1.02298 
-0.87398 
-0.42698 
-0.43711 
-0.27448 
-0.21811 
-0.32939 
-0.28026 
-0.66152 
-0.73221 
-0.26714 
-0.64169 
-0.53570 
-0.55321 
-0.66501 
-0.64792 
-0.57219 
0.01040 
-0.03364 
-0.26182 
-0.32601 
0.30739 
0.10391 
-0.58434 
-0.39732 
-0.19623 
0.08275 
0.25833 
0.10498 
-0.04648 
0.05926 
0.02286 
0.13146 
0.07376 
-0.23443 
-0.27888 
-0.62643 
-0.75701 
-0.07933 
-0.40940 
0.12183 
-0.57253 
-0.13132 
-0.57882 
-0.19442 
-0.59822 
-0.50390 
-0.07107 
-0.17269 
-0.94029 
-0.70517 
-0.71161 
-0.61446 
-0.63802 
-0.90608 
-0.61241 
-0.50410 
-0.59234 
-0.99200 
-0.89630 
-1.27736 
-1.12114 
-0.90783 
-1.04978 
-1.17284 
-1.15375 
-1.06114 
-0.75992 
-1.47561 
-1.35455 
-1.02769 
-1.37464 
-1.57378 
-1.20877 
-1.43338 
-1.55967 
-1.23906 
-1.13904 
-1.52145 
-1.25548 
-1.06005 
-1.02884 
-1.04175 
-1.34140 
-1.08770 
-0.80280 
-0.90018 
-0.29931 
-0.50892 
-0.72727 
-0.39093 
-0.54868 
-0.96534 
-0.52650 
-0.74389 
-0.82834 
-0.54280 
-0.39657 
-0.55438 
-0.72533 
-0.41836 
-0.49336 
-0.70957 
-0.45212 
-0.83046 
-0.78156 
-0.90266 
-0.78678 
-0.66597 
-0.51399 
-0.61526 
-0.10143 
-0.44250 
-1.11353 
-0.90563 
-0.69656 
-0.40866 
-1.05609 
-0.51241 
-0.93725 
-0.35744 
-0.32746 
-0.30218 
-0.27632 
-0.36777 
-0.39059 
-0.96446 
-0.54801 
-0.59029 
-0.02640 
-0.39472 
-0.22862 
-0.23605 
0.01133 
-0.17016 
-0.22110 
-0.24041 
-0.16424 
-0.12892 
-0.28969 
-0.15654 
-0.39819 
0.05724 
0.05339 
-0.23420 
-0.03932 
-0.64787 
-0.57860 
-0.88078 
-0.80460 
-0.13438 
-0.37572 
-0.27768 
-0.62932 
-0.71580 
-0.84162 
-0.36496 
-0.41158 
-0.01887 
-0.32049 
-0.37865 
-0.77609 
-0.66224 
-1.37519 
-0.86098 
-0.75286 
-0.96382 
-0.57927 
-0.71901 
-0.62922 
-0.55133 
-0.27795 
0.14846 
0.06502 
-0.45066 
-0.07663 
-0.54787 
-0.20828 
-0.31780 
-0.30244 
-0.45356 
0.07531 
-0.45780 
-0.65897 
-0.58087 
-0.70000 
-0.52496 
-0.30920 
-0.67172 
-0.38584 
-0.63405 
-0.98755 
-0.43495 
-0.84346 
-0.57006 
-0.89428 
-1.17411 
-0.48599 
-0.65410 
-0.69059 
-0.69314 
-0.61844 
-0.50257 
-0.66282 
-0.21570 
-0.54087 
-0.83788 
-0.65055 
-0.60505 
-0.94016 
-0.60365 
-0.59552 
-0.39596 
-0.09646 
-0.49324 
-0.18377 
-0.52780 
-0.36133 
-0.43828 
-0.33648 
-0.09103 
-0.25849 
-0.31347 
-0.38240 
-0.49475 
-0.36071 
-0.51040 
-0.45875 
-0.65672 
-0.37122 
-0.14637 
-0.38194 
-0.35203 
-0.75454 
-0.55544 
-0.46133 
-0.41883 
-0.28235 
-0.26797 
-0.20429 
-0.64153 
-0.76750 
-0.68151 
-0.48641 
-0.58990 
-0.27057 
-0.47575 
-0.21570 
-0.53206 
-0.66563 
-0.51595 
-0.04979 
-0.27562 
-0.36821 
-0.47598 
-0.23766 
-0.37404 
-0.29079 
0.00834 
-0.48446 
-0.06057 
-0.29935 
-0.60621 
-0.69746 
-0.53605 
-0.39038 
-0.36265 
-0.43123 
-0.70761 
-0.77972 
-0.66690 
-0.65694 
-0.80555 
-0.94856 
-0.83748 
-0.42986 
-0.86020 
-1.08141 
-1.10151 
-1.01257 
-0.64923 
-0.68358 
-0.33765 
-0.21814 
-0.23829 
-1.04049 
-0.97335 
-0.38423 
-0.55961 
-0.82202 
-0.69050 
-0.50639 
-0.41182 
-0.70520 
-0.59991 
-0.69166 
-0.81277 
-0.31618 
-0.32569 
-0.25969 
-0.26536 
-0.42196 
-0.51771 
-0.78381 
-0.41855 
-0.39533 
-1.02996 
-0.41842 
-0.43381 
-0.20137 
-0.03596 
-0.49876 
-0.63569 
-0.22733 
-0.00522 
-0.35227 
-0.62277 
-0.24270 
-0.15612 
-0.55039 
-0.41633 
-0.12752 
-0.33713 
-0.80913 
-0.26365 
-0.63931 
-0.54303 
-0.71284 
-0.80925 
-0.68671 
-0.47085 
-0.46552 
-0.40984 
-0.43168 
-0.55071 
-0.18245 
-0.52170 
-0.25985 
-0.02598 
-0.33577 
-0.15430 
-0.04259 
-0.17529 
-0.06195 
0.14919 
-0.25584 
-0.01698 
-0.00801 
0.03990 
-0.05493 
0.22416 
-0.27323 
-0.49125 
0.03532 
-0.09181 
-0.10647 
-0.20211 
-0.11479 
-0.66986 
-0.44892 
-0.81531 
-0.63742 
-0.07265 
-0.18851 
-0.49656 
-0.34252 
-0.39178 
-0.61112 
-0.60709 
-0.47546 
-0.27001 
-0.28615 
-0.16053 
-0.46953 
-0.02168 
-0.68015 
-0.42568 
-0.44925 
-0.81420 
-0.28003 
-0.32802 
-0.24135 
-1.00537 
-0.63114 
-0.69111 
-0.58877 
-0.57235 
-0.63614 
-0.11436 
-0.79565 
-0.75869 
-0.27745 
-0.56532 
-0.32841 
-0.69347 
-0.27561 
-0.67040 
-0.26152 
-0.39821 
-0.44901 
-0.65053 
-0.64481 
-0.60583 
-0.71533 
-0.65266 
-0.64109 
-0.51953 
-0.76736 
-0.90211 
-0.71745 
-0.40286 
-0.68364 
-0.72283 
-1.11224 
-0.86014 
-0.68104 
-0.53340 
-0.96756 
-0.51485 
-0.51112 
-0.65053 
-0.34429 
-0.49212 
-0.76829 
-0.38627 
-0.80577 
-0.42604 
-0.35516 
-0.52328 
-0.40512 
-0.48789 
-0.68412 
-0.89106 
-0.57493 
-0.71635 
-0.67050 
-0.58274 
-0.87327 
-0.99040 
-1.10393 
-0.38500 
-0.18135 
-0.66436 
-0.32111 
-0.32869 
-0.83374 
-0.94782 
-0.58144 
-0.72053 
-0.19167 
-0.73272 
-0.72340 
-0.46027 
-1.04493 
-0.72636 
-0.55948 
-0.28983 
0.08130 
-0.44216 
-0.56086 
-0.23333 
-0.22176 
-0.48835 
-0.35754 
-0.40709 
-0.46692 
-0.52235 
-0.64849 
-0.60975 
-0.85152 
-0.71904 
-0.90971 
-0.74917 
-0.96768 
-0.97589 
-1.36334 
-0.72010 
-1.47230 
-1.24939 
-0.74680 
-0.73535 
-0.76479 
-1.07805 
-1.18952 
-0.84288 
-0.46243 
-0.70731 
-1.00046 
-1.31183 
-0.57940 
-0.79979 
-0.94942 
-0.73745 
-0.89689 
-0.49753 
-0.75600 
-1.08459 
-0.57671 
-0.24948 
-0.13955 
-0.23609 
-0.18556 
0.10330 
-0.12296 
0.26144 
0.47397 
0.96671 
0.29410 
0.28152 
0.07285 
0.56965 
0.51381 
0.36527 
0.51548 
0.88099 
0.39284 
0.57489 
0.88329 
1.31380 
0.97714 
0.96677 
1.21596 
1.06230 
0.62953 
1.02477 
1.37551 
0.89721 
0.73589 
1.31349 
1.37533 
0.98028 
0.84565 
0.84029 
0.60366 
1.03181 
1.11421 
1.43948 
1.37329 
0.71320 
0.19532 
0.92334 
0.71372 
0.81873 
1.00125 
0.76749 
0.86286 
1.45178 
0.96115 
0.79205 
0.72471 
0.60403 
0.42552 
0.50312 
0.86278 
0.61843 
0.03523 
0.19128 
0.08247 
0.12968 
0.22012 
0.41950 
0.71507 
1.28666 
0.79180 
0.67296 
0.91333 
0.99787 
0.63287 
0.67408 
0.74816 
0.81464 
1.09932 
0.97152 
0.87467 
0.99242 
0.79886 
1.13880 
0.74390 
1.05859 
1.01583 
0.67969 
1.15468 
1.31216 
1.12340 
1.03193 
0.48419 
1.05892 
0.92602 
0.80525 
1.04503 
1.07773 
0.74066 
1.23023 
0.80146 
0.80004 
0.83626 
0.37344 
0.17523 
0.55829 
0.59945 
0.13902 
-0.15284 
0.18247 
0.48835 
0.05205 
0.77763 
0.56756 
0.53536 
0.49819 
0.18554 
-0.13407 
0.24152 
0.11267 
0.82489 
0.48505 
1.27418 
0.70353 
0.50143 
0.55016 
0.49084 
1.02283 
0.74654 
0.42927 
0.94631 
0.51760 
0.91770 
1.37120 
0.82797 
0.74171 
0.50836 
0.63603 
0.63147 
0.42007 
1.04758 
0.79724 
0.79008 
0.25478 
1.20315 
1.00305 
1.26881 
0.95417 
0.72022 
0.66064 
0.25053 
0.55220 
0.50087 
0.31746 
0.82176 
1.08317 
0.81498 
0.96643 
0.94294 
0.98587 
1.06834 
1.06960 
1.03082 
1.43867 
0.93593 
0.66609 
0.68376 
0.83208 
1.34767 
1.03978 
1.15071 
0.72942 
1.07263 
0.77234 
0.94111 
0.80883 
1.09261 
1.29730 
0.88535 
0.75990 
1.14219 
1.09388 
1.32261 
0.80248 
0.79235 
0.80545 
0.86967 
0.63452 
1.15937 
0.95000 
1.21657 
0.86841 
1.10864 
1.16331 
0.91469 
0.97542 
0.98936 
1.03400 
1.19389 
0.46332 
0.91605 
0.60460 
0.18845 
0.61916 
0.07363 
0.50176 
-0.03084 
0.65839 
0.89662 
0.44155 
0.65755 
1.14219 
0.92155 
1.07596 
1.17510 
1.00331 
0.90249 
0.88282 
0.99748 
0.71309 
1.17655 
0.94736 
0.62720 
0.96482 
0.93567 
0.40022 
0.46705 
0.82172 
0.80121 
0.63702 
0.88324 
0.75569 
0.39434 
0.61982 
0.35753 
0.53736 
0.88627 
0.64145 
0.73800 
0.66808 
0.75541 
0.77228 
0.30380 
0.75819 
0.84566 
0.52987 
0.63035 
0.83451 
0.67229 
0.99498 
0.70565 
1.01477 
1.16600 
1.02175 
0.81584 
0.79614 
0.74719 
1.09980 
0.94995 
1.20502 
1.23233 
1.46879 
1.09374 
1.23814 
0.92408 
0.71518 
0.56559 
0.72283 
0.44093 
0.42618 
0.37345 
0.46490 
0.62635 
0.81815 
0.12652 
0.22299 
0.58211 
0.47478 
0.71097 
0.83956 
0.58521 
0.85349 
1.07872 
1.08939 
0.87274 
0.51378 
0.84039 
0.57569 
0.36227 
0.90757 
0.80471 
1.17415 
0.48695 
0.76881 
0.62817 
0.20619 
0.43683 
0.55302 
0.88679 
0.76703 
0.97366 
0.25538 
1.11489 
0.81885 
1.16137 
1.25243 
0.97156 
1.46710 
0.97376 
0.98207 
1.03766 
0.63329 
0.76080 
0.71266 
0.80405 
0.75952 
-0.12504 
0.26917 
0.82377 
0.66567 
0.97350 
0.79436 
0.54563 
0.77050 
1.00967 
0.66596 
0.75939 
0.61241 
1.07341 
1.00639 
0.79978 
0.57900 
0.55118 
1.21896 
1.26172 
1.34497 
1.35658 
1.62063 
1.46852 
1.35682 
1.57502 
1.38370 
1.25261 
0.92473 
1.16197 
1.19182 
1.26179 
1.58312 
1.48742 
1.50920 
1.21638 
1.31858 
1.80916 
1.19103 
1.77332 
1.22903 
0.80158 
0.88740 
1.04342 
1.03833 
0.61826 
0.76032 
0.58646 
1.09988 
1.06389 
1.13619 
0.75771 
1.09567 
1.12798 
0.59347 
0.88072 
0.55466 
1.05155 
0.51758 
0.80791 
0.62302 
0.67482 
1.07583 
0.85497 
0.26920 
0.61749 
0.58191 
0.72457 
0.29515 
0.42350 
0.75853 
0.83037 
1.04483 
0.40517 
0.85661 
0.68203 
0.44123 
0.09426 
0.87014 
0.68677 
0.67066 
0.63699 
0.88174 
0.57571 
0.46280 
0.87169 
0.55587 
0.84320 
0.86439 
1.05213 
0.49533 
0.46742 
0.29645 
0.27198 
0.81575 
0.87156 
0.59796 
0.35919 
0.27957 
0.44403 
0.65070 
0.87519 
0.98522 
0.45216 
0.45165 
0.64094 
0.59938 
0.37223 
0.31476 
0.44943 
0.02306 
0.46240 
0.48737 
0.52113 
0.60383 
0.50034 
0.54154 
0.27946 
0.23276 
0.79470 
0.22123 
0.67668 
0.47932 
0.71414 
0.46619 
0.85355 
1.01505 
0.91353 
1.12401 
0.60271 
0.86141 
0.90372 
1.02358 
0.92236 
0.80114 
0.85353 
0.76520 
0.92657 
0.84909 
0.97549 
0.75977 
0.85998 
0.84117 
0.85567 
0.87915 
1.04881 
0.70132 
0.95311 
0.87883 
0.74740 
0.89580 
0.86964 
1.15602 
0.57867 
0.85330 
0.72747 
0.76602 
0.53556 
0.34787 
1.20259 
0.84433 
0.87682 
0.90033 
0.71113 
1.08628 
1.04190 
0.93308 
0.59856 
0.67077 
0.97318 
1.15726 
1.03633 
0.84842 
0.74503 
0.88208 
0.95310 
0.97380 
0.87422 
0.64201 
0.21730 
0.81416 
0.64200 
0.72736 
0.78527 
0.49755 
0.96564 
0.64358 
-0.05923 
0.47884 
0.59774 
1.11039 
1.32761 
1.18327 
1.11299 
1.20006 
0.81782 
0.62677 
0.60543 
0.91141 
0.93823 
0.79394 
0.63707 
0.54039 
0.55450 
0.55400 
0.42617 
0.55366 
0.48351 
0.87506 
0.63298 
0.60793 
0.91783 
1.08253 
0.95998 
1.10994 
0.66460 
0.60767 
0.87920 
0.84518 
0.98735 
0.68413 
0.35338 
-0.31032 
0.15767 
0.54232 
0.83679 
0.36681 
0.31616 
0.26639 
0.23818 
-0.04286 
0.14665 
0.07746 
0.27385 
0.62834 
0.07986 
0.28546 
-0.04073 
0.02301 
0.15761 
-0.13880 
0.12827 
0.16133 
0.13664 
0.19520 
0.38217 
0.59667 
0.67031 
0.31824 
0.34551 
-0.09323 
-0.21437 
0.16893 
-0.18194 
0.15696 
-0.13847 
0.37240 
0.21058 
0.00719 
0.38472 
0.63390 
1.02685 
0.52516 
0.52594 
0.75265 
0.49637 
0.86547 
0.78717 
0.71234 
0.11496 
0.59061 
0.59040 
0.69658 
0.50248 
0.61622 
0.63884 
0.32792 
0.95801 
0.76684 
1.12616 
0.37926 
0.67778 
0.62870 
0.62109 
0.42602 
0.95833 
0.59227 
0.33609 
0.38750 
0.43865 
0.29757 
0.72491 
0.14135 
0.49560 
0.21606 
0.32243 
0.41116 
0.64621 
0.25659 
0.25047 
0.73895 
0.08711 
-0.09404 
0.34655 
-0.02934 
0.53054 
0.61941 
0.42925 
0.72334 
0.91110 
0.70496 
1.03572 
1.06106 
0.68824 
0.42352 
0.40894 
0.65580 
0.64263 
0.61240 
0.73084 
0.46676 
0.80329 
0.59056 
0.86053 
0.66706 
0.69297 
0.96328 
0.67417 
0.45929 
0.42773 
0.22117 
0.11099 
0.37958 
0.72932 
0.34446 
0.37190 
0.60023 
0.81310 
0.58977 
0.89281 
0.76700 
0.65132 
0.64810 
0.39864 
0.46327 
0.54747 
1.20010 
0.55418 
0.36319 
0.32584 
0.44199 
0.31416 
0.37079 
0.16950 
0.43913 
0.05811 
0.57057 
0.22736 
0.07454 
0.02993 
0.21813 
0.55427 
0.00321 
0.44511 
0.48139 
0.51867 
0.12292 
0.41257 
0.50978 
0.48896 
0.07578 
0.30772 
0.27757 
0.22417 
0.98479 
0.40499 
0.82319 
1.01202 
0.72767 
0.80517 
0.62522 
0.69903 
0.93624 
0.95351 
0.79017 
0.56362 
0.53406 
0.50527 
0.77400 
0.51730 
0.45431 
0.70844 
0.58584 
0.24161 
0.47778 
0.25098 
0.32596 
0.51628 
0.71992 
0.78928 
0.52798 
0.73957 
0.62390 
0.74115 
0.41592 
0.57092 
0.53017 
0.25660 
0.22141 
0.54824 
0.68519 
0.27338 
0.55240 
0.07339 
-0.37405 
0.45963 
0.50622 
0.40064 
0.69697 
0.44574 
0.46946 
0.41858 
0.60534 
0.60060 
0.39222 
0.48920 
0.49765 
0.40095 
0.29578 
0.64583 
0.54924 
0.48195 
0.46101 
0.16953 
0.12422 
0.58864 
0.25351 
0.60480 
0.20839 
0.02694 
0.40772 
0.24741 
0.51136 
0.46403 
0.59840 
0.65207 
0.51136 
0.66128 
0.23818 
0.50986 
0.73870 
1.09893 
1.02008 
0.65362 
0.76065 
0.48955 
0.88524 
0.78519 
0.76140 
0.97595 
1.21301 
1.31362 
0.72327 
0.77329 
1.03968 
1.08683 
0.58332 
0.52791 
0.78309 
0.71364 
0.77240 
0.19006 
0.21464 
0.55964 
0.46435 
0.42850 
0.50704 
-0.04687 
0.63824 
0.27366 
0.22573 
0.48769 
0.72056 
0.38909 
0.70908 
1.09886 
0.55580 
0.44519 
0.42151 
0.55505 
0.39666 
0.20516 
0.41405 
0.44124 
0.41995 
0.32651 
0.51512 
-0.25464 
0.39256 
0.33729 
0.34008 
0.43470 
0.36738 
0.16401 
0.43056 
0.06789 
0.26913 
0.70040 
0.46874 
0.35039 
0.50719 
0.58418 
0.13025 
-0.03388 
0.31604 
0.04498 
0.21264 
0.19540 
0.27109 
-0.05948 
-0.67968 
-0.00628 
0.24308 
0.35766 
0.31748 
0.34210 
0.33744 
0.35208 
0.42757 
0.58484 
0.40030 
0.44619 
0.21542 
0.00212 
0.15114 
0.02060 
0.21679 
0.34385 
0.36129 
0.33796 
-0.04775 
0.51236 
0.92333 
0.44843 
0.63807 
-0.03010 
0.16399 
0.26032 
0.54847 
0.46970 
0.71204 
0.34303 
0.44782 
0.54640 
0.52984 
0.79853 
0.33150 
0.05851 
0.61798 
0.57487 
0.74854 
0.54333 
0.67918 
0.78111 
0.55741 
0.74345 
0.84812 
0.88864 
0.27922 
0.60647 
0.67081 
0.75031 
0.42638 
0.34702 
0.63823 
0.69057 
1.09953 
0.54631 
0.78668 
0.73693 
0.69559 
0.94832 
0.55364 
0.74528 
0.89358 
0.67962 
0.41728 
0.87436 
0.62939 
0.61064 
1.11727 
0.60797 
0.65161 
0.93175 
0.91434 
0.75467 
0.87561 
1.07344 
0.58175 
1.29017 
0.96677 
0.45505 
0.76762 
0.67563 
0.94555 
0.82905 
0.37641 
0.20229 
0.74327 
0.28804 
0.47345 
0.52687 
0.54445 
0.46759 
0.75004 
0.26323 
-0.13882 
0.26563 
0.57753 
0.25241 
0.43091 
0.49728 
0.85840 
0.77983 
1.06628 
1.18874 
1.44090 
0.77727 
0.69937 
0.79335 
0.91997 
0.94671 
0.60754 
0.55398 
0.82743 
0.77249 
0.96791 
0.63601 
0.87099 
1.19675 
0.98600 
0.80119 
0.91221 
0.83996 
0.94464 
0.64224 
0.75958 
0.35259 
0.64284 
0.45284 
0.81198 
0.34765 
0.25804 
0.64923 
0.49913 
0.51949 
0.64008 
0.46265 
1.03607 
0.73214 
0.65628 
0.30075 
0.82185 
0.57275 
0.68852 
0.59138 
0.27085 
0.79844 
0.67980 
0.26114 
0.61432 
0.95956 
0.90283 
0.61871 
1.28432 
1.04899 
-0.82012 
-0.69184 
-0.30339 
-0.31956 
-0.11111 
0.10014 
-0.39508 
-0.26692 
-0.15827 
-0.18419 
-0.17718 
-0.23293 
-0.13907 
-0.09022 
-0.18789 
-0.54388 
-1.06995 
0.04598 
0.23331 
-0.29762 
-0.49414 
-0.08534 
-0.31716 
-0.83939 
-0.23276 
0.42985 
0.12046 
0.08103 
-0.82592 
0.05584 
0.07498 
-0.04887 
-0.09276 
-0.28664 
-0.09535 
-0.76552 
-0.19173 
-0.17496 
0.27250 
-0.19536 
-0.12640 
0.26660 
0.38831 
0.46224 
0.47706 
0.26870 
0.53236 
0.01103 
-0.35186 
-0.90804 
-0.24211 
0.06041 
0.09671 
-0.16748 
0.25948 
0.08768 
0.06712 
0.03383 
0.67644 
0.50976 
0.36442 
0.69614 
0.75266 
0.68946 
0.88511 
1.21708 
0.75004 
1.04208 
0.99836 
0.60703 
1.02541 
0.79293 
1.01560 
0.87779 
0.88453 
0.71779 
0.61542 
0.14403 
0.69868 
0.46644 
1.17355 
0.99127 
0.84954 
1.41618 
0.46254 
0.74146 
0.10921 
0.79772 
0.82694 
0.90397 
0.49743 
0.73257 
0.99732 
0.88306 
0.73704 
0.95333 
0.69600 
0.74030 
0.39547 
0.80845 
0.89370 
0.98783 
0.77936 
0.52429 
0.52045 
0.55256 
0.83982 
0.62808 
0.08283 
0.62186 
0.25098 
0.09889 
0.25713 
0.33762 
0.07646 
1.19285 
0.99481 
0.72426 
0.95001 
0.71792 
0.90534 
1.09497 
0.82392 
0.68639 
0.66877 
0.90422 
0.67340 
0.40262 
0.93659 
0.45880 
0.67344 
1.03501 
0.88830 
0.58578 
1.16164 
1.05441 
0.86942 
1.07591 
1.26348 
1.85104 
1.06103 
1.37754 
1.61673 
1.16391 
1.07939 
1.14720 
1.59974 
1.32472 
1.62163 
2.05601 
1.75972 
1.49856 
1.19822 
1.18933 
1.12871 
1.38573 
1.77710 
1.69635 
0.97754 
1.78427 
1.35792 
1.18131 
1.01370 
1.43525 
1.08405 
1.01952 
1.36299 
1.11475 
1.30394 
1.06995 
0.64982 
0.95846 
1.23007 
1.01506 
0.94816 
0.97997 
1.08952 
0.90895 
1.36499 
1.46437 
1.55936 
1.45022 
1.36870 
1.25000 
0.95899 
0.72836 
0.93956 
1.15585 
1.22065 
1.18377 
1.28488 
1.38196 
1.11367 
1.15844 
0.38184 
0.79319 
1.23089 
1.10628 
0.66754 
0.83594 
0.78943 
0.96178 
1.86455 
1.86555 
1.66819 
1.10228 
1.60062 
1.50076 
1.05008 
1.19045 
0.90431 
0.64901 
1.11181 
1.53867 
1.42451 
1.14425 
1.53431 
1.21640 
0.63453 
1.13347 
1.15666 
1.45877 
1.20155 
1.12158 
1.14775 
0.96289 
0.96699 
0.91208 
1.10700 
0.56399 
0.69143 
0.41492 
0.94388 
0.53295 
0.80343 
0.66082 
0.51214 
0.69776 
0.56744 
0.67369 
0.56593 
1.03899 
1.11451 
0.73634 
0.51206 
0.60690 
-0.05834 
0.19871 
0.61872 
0.33045 
0.34577 
0.18996 
-0.54921 
-0.03460 
-0.38500 
0.27509 
-0.09649 
-0.22162 
-0.01861 
0.31499 
0.88798 
0.54176 
0.91997 
0.09808 
0.40660 
0.43581 
0.47294 
0.17168 
0.61848 
0.26570 
0.62410 
0.89421 
0.52828 
0.57435 
0.33531 
0.47207 
1.03623 
1.17606 
1.64692 
1.40705 
1.13750 
1.24277 
1.33913 
1.07985 
0.84166 
1.35686 
1.34805 
1.05345 
1.34492 
1.10440 
0.97866 
1.03395 
1.45586 
1.19539 
1.18758 
1.05264 
1.04748 
1.33749 
0.99511 
0.93625 
1.03395 
1.14083 
1.61492 
1.36663 
1.81185 
1.50255 
1.81537 
2.04417 
1.82175 
1.53025 
1.24602 
1.05296 
1.83289 
1.42828 
1.38849 
1.24705 
1.16006 
1.33414 
0.76382 
1.36778 
1.17618 
0.73878 
1.25894 
1.22967 
0.77676 
0.83144 
0.99251 
0.54754 
0.86395 
0.76852 
0.84113 
0.47109 
0.57767 
0.26743 
0.18140 
0.67100 
0.38135 
0.60521 
0.73741 
1.11669 
0.54242 
0.72466 
0.78867 
0.85144 
0.72449 
0.76109 
0.46546 
0.22001 
0.22555 
0.09176 
-0.01606 
-0.10567 
0.02531 
0.45195 
0.57590 
0.35432 
-0.42883 
0.20294 
-0.03577 
-0.23750 
0.18785 
0.38754 
0.33159 
0.46434 
-0.07730 
0.12023 
0.23824 
0.37285 
0.23261 
0.39257 
0.57867 
0.45346 
0.04922 
-0.07622 
-0.37164 
-0.08528 
0.65797 
0.71378 
-0.00224 
0.16141 
0.59682 
0.17397 
0.27411 
0.70793 
0.38234 
0.52486 
0.23104 
0.36807 
0.28380 
0.80383 
0.35949 
0.71994 
1.10034 
0.27803 
0.56040 
0.08546 
0.03948 
0.37076 
0.16594 
0.26972 
0.22134 
0.47931 
0.41950 
0.54920 
0.73482 
0.26438 
0.20431 
-0.26052 
0.06003 
0.87116 
1.13385 
0.26825 
0.55183 
0.50351 
0.39812 
-0.19940 
0.32083 
0.12659 
-0.00974 
0.27791 
0.07022 
-0.11536 
0.26074 
0.54273 
0.41776 
0.86091 
1.02597 
1.05858 
1.57851 
1.12688 
1.06346 
1.24545 
1.09224 
1.60110 
1.45508 
1.31015 
1.18634 
0.21935 
0.84619 
0.53529 
0.83580 
0.90699 
0.98651 
0.95242 
1.29125 
1.17590 
1.18072 
1.60859 
0.94436 
0.90027 
0.93982 
1.08347 
0.56486 
0.41506 
0.45054 
0.57600 
0.62570 
0.85014 
1.09960 
0.99134 
1.11668 
1.40838 
1.32816 
1.12550 
1.10108 
0.89077 
1.08654 
1.07714 
1.17581 
0.86853 
0.92495 
0.66034 
1.03217 
0.68742 
0.75756 
0.45904 
0.31439 
0.48650 
0.23797 
0.59030 
0.27592 
-0.00129 
-0.10257 
-0.37328 
-0.00942 
-0.07618 
-0.29084 
0.30301 
0.56663 
0.39792 
0.23308 
0.23915 
0.89298 
0.26757 
0.34515 
0.18555 
0.15656 
-0.21275 
0.06458 
-0.13226 
-0.05655 
-0.35139 
0.41678 
0.48213 
0.42155 
0.52519 
-0.09129 
-0.10677 
0.18999 
-0.00184 
0.04001 
-0.38709 
0.27492 
-0.05788 
0.19443 
-0.14948 
0.07486 
0.46286 
-0.19134 
0.06484 
-0.06682 
-0.36625 
-0.21229 
-0.36370 
-0.36757 
-0.38704 
-0.15931 
-0.02535 
0.50932 
0.06175 
0.41701 
-0.10520 
0.12709 
-0.09414 
0.11997 
-0.45471 
-0.27184 
-0.45853 
0.19837 
0.45537 
0.74305 
0.59021 
0.27996 
-0.38735 
-0.49820 
-0.63993 
-0.30556 
-0.19275 
-0.30412 
-0.51321 
-0.30550 
0.05018 
-0.27823 
-0.26010 
-0.01042 
-0.01577 
0.41774 
0.13852 
-0.15752 
0.49519 
0.59262 
0.23730 
0.13822 
0.04656 
0.00237 
0.38390 
-0.02169 
-0.06468 
0.10679 
-0.44517 
-0.48228 
-0.31756 
-0.02329 
-0.13511 
-0.02232 
-0.72520 
-0.94596 
-0.30979 
-0.02370 
-0.10488 
0.15150 
0.00235 
0.32181 
0.11040 
-0.58933 
-0.32457 
-0.22597 
-0.11350 
0.38876 
0.45604 
0.21835 
-0.00347 
0.18350 
-0.25164 
-0.19289 
-0.10549 
-0.09361 
-0.25790 
-0.15988 
-0.18294 
0.08937 
-0.29335 
-0.39765 
-0.33326 
-0.29639 
0.12599 
-0.10456 
0.11888 
0.40813 
0.29053 
0.09558 
-0.33499 
-0.75771 
0.09551 
0.00739 
-0.22622 
0.01556 
0.50684 
0.00371 
0.48336 
0.03559 
-0.20134 
-0.03416 
-0.26219 
-0.25892 
-0.31296 
-0.35555 
-0.45997 
-0.11813 
-0.47486 
0.18958 
-0.37412 
-0.68104 
-0.33135 
-0.23882 
-0.24449 
-0.15292 
-0.07311 
-0.31808 
-0.56177 
-0.54992 
-0.57737 
-0.72561 
-0.92804 
-0.95385 
-0.81871 
-0.40362 
-0.25260 
-0.87335 
-0.44718 
-0.47100 
-0.78909 
-0.10589 
-0.14294 
-0.00997 
-0.63251 
-0.25220 
-1.00283 
-0.73374 
-0.62979 
-0.74774 
-0.79522 
-0.75971 
-0.49797 
-0.40845 
-0.66792 
-0.38632 
-0.59422 
-0.48755 
-0.42605 
-0.54654 
-0.59098 
-0.07707 
-0.45330 
-0.54165 
0.08818 
-0.09707 
-0.40209 
-0.65379 
-0.46432 
0.21308 
-0.59820 
-0.44088 
-0.33767 
-0.95510 
-0.74431 
-0.79019 
-0.93894 
-0.64025 
-0.49686 
-0.56556 
-0.55488 
-0.72850 
-0.55558 
-0.40965 
-0.71122 
0.06865 
-0.35566 
-0.38517 
-0.46567 
-0.46217 
-0.35549 
-0.32422 
-0.25571 
-0.72460 
-0.16378 
-0.36622 
0.10262 
-0.32414 
-0.25391 
-0.12891 
-0.20357 
0.13882 
0.14595 
-0.16876 
-0.49845 
-0.86485 
-0.46719 
-0.77887 
-0.38137 
-0.12928 
0.06097 
-0.13652 
-0.10963 
-0.38872 
0.20936 
0.32385 
0.42511 
0.21818 
0.59248 
0.14336 
-0.34540 
0.36987 
0.36167 
0.19227 
0.38164 
0.00039 
0.27980 
0.16919 
-0.04104 
-0.11810 
-0.12110 
0.07528 
-0.02318 
-0.35414 
-0.45036 
-0.46645 
-0.06830 
-0.01859 
0.29956 
-0.28273 
-0.23286 
-0.34209 
-0.57104 
-0.26001 
-0.16347 
-0.33151 
-0.28058 
-0.18153 
0.18959 
-0.52289 
-0.01481 
-0.93846 
-0.47609 
-0.44076 
-0.09337 
-0.21137 
-0.49901 
-0.54392 
-0.61200 
-0.55306 
-0.37907 
-1.18320 
-1.03339 
-0.97779 
-0.76280 
-0.57825 
-0.92131 
-0.77534 
-0.51455 
-0.63097 
0.06377 
-0.15763 
-0.49306 
0.00939 
0.04023 
-0.29069 
-0.51003 
-0.51995 
-0.73246 
-0.61354 
-0.79589 
-0.87761 
-0.62091 
-1.06152 
-0.97051 
-1.02930 
-0.66399 
-1.30712 
-0.99410 
-1.13785 
-1.15682 
-0.76974 
-0.94302 
-0.88031 
-0.86612 
-0.99997 
-0.67379 
-0.86705 
-1.11495 
-0.90130 
-1.35489 
-0.51766 
-0.04303 
-0.70128 
-0.51079 
-0.38391 
-0.29351 
-0.14785 
-0.47316 
-0.70233 
-1.62400 
-0.80850 
-0.85960 
-0.70190 
-0.83192 
-0.79233 
-0.96500 
-1.00529 
-1.25756 
-0.86674 
-1.16491 
-1.49223 
-1.71674 
-1.06992 
-0.40520 
-0.87437 
-1.27964 
-1.41625 
-1.28018 
-1.19397 
-1.57065 
-0.85324 
-0.82687 
-0.87887 
-1.21056 
-1.22339 
-0.92827 
-1.06306 
-1.03217 
-1.14226 
-0.86483 
-0.54819 
-0.84660 
-0.86176 
-0.83809 
-0.32602 
-0.26352 
-0.55368 
-0.78695 
-0.95458 
-0.66391 
-0.84331 
-0.85787 
-0.74828 
-0.20511 
-0.39101 
-0.97279 
-1.21898 
-1.28044 
-0.81355 
-0.86989 
-0.61542 
-0.31030 
-0.13235 
0.38676 
0.64308 
0.54397 
0.33767 
0.50898 
0.46080 
0.20501 
0.12799 
0.23990 
0.49979 
0.22722 
0.50942 
0.85740 
0.80827 
0.52529 
0.69298 
0.72465 
0.50333 
0.42561 
0.27642 
-0.23806 
-0.52449 
0.03861 
0.34390 
-0.10787 
0.47167 
0.30132 
0.87269 
0.73655 
0.89883 
0.63401 
0.77491 
1.05323 
1.07740 
0.97170 
0.73072 
0.44106 
0.53496 
0.40013 
0.77575 
0.83946 
0.55255 
0.66425 
0.41380 
0.50377 
0.76354 
0.25958 
0.60180 
0.35819 
0.77510 
0.52512 
0.54147 
0.41623 
0.00877 
0.35315 
0.51400 
0.06872 
0.00153 
-0.12755 
0.08899 
0.34749 
0.60991 
0.74476 
0.54014 
0.57693 
-0.03988 
0.45600 
0.56227 
0.10489 
-0.06945 
0.43316 
1.27801 
0.77443 
0.38147 
0.32620 
0.02874 
0.40004 
0.84580 
0.90784 
0.77042 
0.93115 
0.12931 
0.08611 
0.29377 
0.31152 
0.17578 
0.44153 
0.83122 
0.82765 
1.10027 
1.10990 
0.93279 
0.99662 
0.94647 
1.20385 
0.78047 
0.56979 
1.23418 
0.73383 
0.95031 
0.85928 
1.06180 
0.82459 
0.78254 
0.73460 
0.45626 
1.04931 
1.06355 
0.87800 
0.37198 
1.10281 
0.44162 
0.44703 
0.20327 
0.21995 
0.42627 
-0.10235 
0.32976 
0.83528 
0.79451 
1.26979 
1.08366 
1.09381 
1.11475 
1.01056 
 
